80 
0 94 73 81 66 94 16 66 35 85 2 82 16 18 15 18 93 10 19 85 57 11 14 96 80 5 87 45 8 6 20 9 21 2 91 51 2 55 25 72 97 43 8 2 63 26 71 20 8 91 67 90 71 26 50 34 87 54 25 22 21 61 13 70 84 3 93 83 95 68 91 57 54 7 95 86 34 19 25 34 
94 0 9 75 44 48 63 80 92 98 56 100 42 53 69 26 33 62 47 45 86 67 10 54 93 65 64 18 82 100 34 64 43 83 84 5 58 94 76 89 48 42 68 48 80 36 48 14 71 42 12 24 94 10 20 49 59 24 52 79 66 39 55 48 66 33 59 73 99 21 76 88 6 88 65 30 66 37 11 4 
73 9 0 10 93 72 7 84 7 23 100 100 33 82 17 68 65 29 59 61 67 7 19 77 30 87 10 98 98 87 16 36 28 91 46 80 4 61 92 5 81 63 27 35 28 70 77 60 75 25 96 68 46 24 12 20 98 54 57 11 8 53 86 70 42 67 6 7 62 99 6 25 85 64 30 64 33 47 77 57 
81 75 10 0 57 91 79 30 98 51 77 80 84 46 36 67 32 87 9 34 100 68 47 2 35 82 82 88 18 19 18 93 13 36 26 11 48 20 75 64 84 84 60 68 10 82 100 90 87 54 95 45 93 29 75 63 62 11 18 68 65 87 89 94 3 88 27 60 97 6 50 4 64 48 3 98 25 89 77 86 
66 44 93 57 0 88 1 63 74 94 55 10 53 89 73 39 18 83 6 63 4 11 3 75 66 74 19 42 31 37 35 58 27 62 90 2 30 75 29 42 68 90 98 75 26 38 43 32 26 68 43 22 5 92 55 21 78 23 76 99 3 64 72 100 51 36 85 50 56 49 75 21 64 93 30 76 37 20 81 45 
94 48 72 91 88 0 32 66 64 18 99 85 3 94 1 2 67 72 87 90 12 53 47 10 8 19 24 2 63 17 26 81 73 22 58 66 87 52 24 91 66 63 35 9 20 99 13 3 28 39 99 29 33 21 79 72 56 16 45 47 77 65 49 12 1 66 10 40 10 39 15 38 7 64 70 65 71 65 75 80 
16 63 7 79 1 32 0 24 16 43 97 36 98 42 84 13 71 36 14 89 92 3 13 99 68 67 88 84 62 78 66 72 5 95 41 96 63 32 56 25 19 66 94 92 94 96 9 70 51 87 13 7 58 60 74 81 12 33 26 27 80 60 29 10 15 60 66 1 27 14 58 67 52 69 78 4 60 100 69 22 
66 80 84 30 63 66 24 0 1 35 47 80 34 59 51 32 89 45 63 31 1 12 83 36 65 73 84 99 36 91 36 74 12 59 32 58 96 4 71 89 26 36 19 69 96 34 98 43 50 47 18 8 93 91 57 77 21 70 16 75 28 100 23 88 45 52 8 68 51 41 48 17 39 63 99 57 88 94 10 7 
35 92 7 98 74 64 16 1 0 99 32 89 41 25 15 95 86 25 84 39 49 95 68 11 41 87 4 7 59 20 100 46 70 79 34 22 37 55 58 35 54 83 59 76 100 71 76 30 75 9 66 78 73 91 47 9 70 39 85 35 82 69 16 7 59 36 24 5 81 77 55 68 97 98 45 57 80 4 23 17 
85 98 23 51 94 18 43 35 99 0 30 93 72 100 61 80 82 81 81 15 81 47 12 65 28 23 24 85 21 29 73 26 69 77 6 87 11 21 79 80 75 77 62 27 44 70 40 14 15 26 49 62 46 77 62 42 17 12 82 82 52 90 15 93 39 72 68 86 100 71 58 85 39 39 4 88 38 73 78 47 
2 56 100 77 55 99 97 47 32 30 0 5 99 48 3 24 71 33 5 28 56 66 88 93 45 21 51 68 12 54 2 86 69 5 52 98 53 47 23 42 49 34 77 69 54 30 49 79 69 71 97 27 96 35 5 12 18 6 45 44 86 94 11 23 85 1 46 65 74 89 78 93 73 34 69 58 98 88 31 43 
82 100 100 80 10 85 36 80 89 93 5 0 72 92 34 87 9 48 78 23 44 3 28 35 26 90 45 5 13 8 81 57 34 62 80 75 11 8 61 16 8 75 67 70 33 10 24 21 81 94 83 69 36 18 89 71 24 15 36 83 5 46 88 34 13 99 29 41 50 2 45 86 20 74 47 10 37 18 29 18 
16 42 33 84 53 3 98 34 41 72 99 72 0 34 28 37 20 97 85 24 16 91 52 39 8 13 59 9 4 61 42 92 64 21 38 86 58 18 19 35 40 59 14 21 12 5 25 28 88 79 22 32 57 55 9 57 60 47 60 54 24 39 44 76 66 18 33 80 100 48 58 66 16 98 29 42 80 80 78 96 
18 53 82 46 89 94 42 59 25 100 48 92 34 0 34 54 51 55 15 34 63 91 87 99 42 44 31 61 6 98 93 74 40 3 64 97 12 97 94 37 93 44 6 16 6 54 81 81 54 99 11 93 38 96 100 29 19 38 2 13 22 5 62 64 32 64 7 20 75 63 73 35 51 16 42 89 4 81 52 79 
15 69 17 36 73 1 84 51 15 61 3 34 28 34 0 66 92 29 64 85 61 93 55 28 84 23 50 52 53 36 72 14 46 72 78 27 14 66 11 35 64 32 88 62 69 75 96 30 45 40 11 86 64 79 47 15 30 85 97 83 15 98 19 40 86 12 67 59 63 78 69 95 21 39 5 89 66 29 49 88 
18 26 68 67 39 2 13 32 95 80 24 87 37 54 66 0 64 53 90 5 67 55 49 60 88 97 30 63 17 51 2 44 18 29 16 63 76 82 29 94 47 18 70 63 96 60 92 6 27 97 98 88 87 8 32 74 12 7 72 58 49 4 25 41 34 7 21 87 24 44 71 63 47 67 35 33 85 32 33 3 
93 33 65 32 18 67 71 89 86 82 71 9 20 51 92 64 0 99 43 36 98 79 47 44 9 72 53 97 28 76 93 51 92 68 84 65 27 24 56 41 30 3 89 71 97 48 13 54 45 88 25 53 39 30 12 63 4 70 99 47 52 59 16 58 59 38 94 69 79 59 7 85 25 41 26 13 24 56 93 33 
10 62 29 87 83 72 36 45 25 81 33 48 97 55 29 53 99 0 6 16 23 55 57 41 12 82 21 94 59 19 52 11 41 44 25 9 31 33 72 77 37 52 73 86 67 28 70 13 32 33 49 64 3 75 21 62 97 49 19 31 86 1 74 42 84 22 36 84 17 62 89 1 95 20 3 50 55 57 40 67 
19 47 59 9 6 87 14 63 84 81 5 78 85 15 64 90 43 6 0 48 73 79 76 24 10 39 94 85 1 97 68 86 72 10 29 7 33 63 67 16 35 90 74 12 39 36 51 89 51 15 67 53 72 12 33 47 3 13 43 21 13 18 85 88 18 2 21 51 88 90 22 48 100 30 50 99 29 40 6 9 
85 45 61 34 63 90 89 31 39 15 28 23 24 34 85 5 36 16 48 0 70 54 84 10 74 9 37 3 3 46 60 42 89 29 28 95 23 67 98 56 7 31 98 14 1 71 3 63 65 85 99 60 13 76 39 28 25 64 77 94 41 39 61 6 29 39 19 31 88 96 43 86 27 65 53 78 76 63 32 55 
57 86 67 100 4 12 92 1 49 81 56 44 16 63 61 67 98 23 73 70 0 26 30 75 61 5 66 79 3 15 5 67 85 43 51 43 73 69 18 22 19 92 74 65 69 42 82 86 67 86 40 58 54 13 48 15 82 100 56 72 4 91 54 49 78 21 26 24 28 39 4 14 73 10 58 16 46 63 15 60 
11 67 7 68 11 53 3 12 95 47 66 3 91 91 93 55 79 55 79 54 26 0 93 55 48 9 72 83 1 62 43 74 2 23 65 33 78 9 45 88 3 68 16 11 91 11 40 33 44 1 3 80 46 10 23 39 25 21 57 36 72 91 93 25 51 88 87 11 41 20 11 89 6 99 26 29 63 29 13 14 
14 10 19 47 3 47 13 83 68 12 88 28 52 87 55 49 47 57 76 84 30 93 0 36 72 30 100 12 12 78 97 44 69 86 85 47 72 37 45 8 91 58 83 87 1 82 51 60 55 30 34 69 52 100 78 57 60 9 48 93 80 35 61 73 69 2 75 77 23 58 7 5 18 79 56 35 20 83 80 77 
96 54 77 2 75 10 99 36 11 65 93 35 39 99 28 60 44 41 24 10 75 55 36 0 50 55 100 93 92 72 11 80 88 5 47 88 64 51 34 63 82 59 94 83 54 34 94 63 65 95 92 88 46 93 44 60 14 17 23 40 45 7 8 82 100 8 54 24 41 26 3 51 9 84 19 67 34 80 19 65 
80 93 30 35 66 8 68 65 41 28 45 26 8 42 84 88 9 12 10 74 61 48 72 50 0 16 2 26 29 22 24 84 11 34 75 1 32 7 60 42 6 2 54 97 16 10 100 75 51 64 99 80 95 3 78 6 1 2 5 52 85 24 91 99 78 70 14 4 32 85 82 69 77 90 75 51 62 62 11 71 
5 65 87 82 74 19 67 73 87 23 21 90 13 44 23 97 72 82 39 9 5 9 30 55 16 0 28 74 36 56 81 1 1 65 47 24 34 64 98 69 88 44 7 57 97 52 54 89 12 18 21 69 2 38 54 15 16 64 87 25 68 64 33 78 15 88 87 11 29 64 60 66 48 38 32 54 53 81 74 52 
87 64 10 82 19 24 88 84 4 24 51 45 59 31 50 30 53 21 94 37 66 72 100 100 2 28 0 46 36 13 45 47 99 58 32 50 33 87 3 65 19 11 68 26 12 10 25 98 12 71 92 22 72 34 79 40 46 73 61 49 79 72 65 83 56 64 45 18 72 46 34 54 30 69 45 48 100 3 31 43 
45 18 98 88 42 2 84 99 7 85 68 5 9 61 52 63 97 94 85 3 79 83 12 93 26 74 46 0 64 21 7 29 73 29 47 17 70 54 86 59 77 85 63 55 10 12 98 24 26 70 97 12 81 2 10 84 37 96 89 75 56 49 29 89 75 31 57 78 57 11 43 67 86 84 90 69 98 74 82 73 
8 82 98 18 31 63 62 36 59 21 12 13 4 6 53 17 28 59 1 3 3 1 12 92 29 36 36 64 0 54 78 11 22 70 14 28 35 95 26 89 90 83 26 99 7 32 91 57 55 61 45 19 29 17 70 93 73 18 11 18 84 59 34 8 86 4 74 23 33 32 22 39 86 74 21 8 94 75 37 94 
6 100 87 19 37 17 78 91 20 29 54 8 61 98 36 51 76 19 97 46 15 62 78 72 22 56 13 21 54 0 45 37 87 80 57 24 12 39 42 10 67 90 45 100 1 72 48 67 40 26 34 74 27 17 30 95 84 82 17 94 44 86 38 79 2 13 68 75 60 68 57 21 89 93 28 98 72 49 2 55 
20 34 16 18 35 26 66 36 100 73 2 81 42 93 72 2 93 52 68 60 5 43 97 11 24 81 45 7 78 45 0 49 70 83 39 94 12 23 56 5 17 93 80 100 30 3 52 56 62 2 87 78 33 38 61 62 46 24 80 73 81 90 97 98 43 24 23 79 66 35 53 35 80 58 67 37 73 65 28 51 
9 64 36 93 58 81 72 74 46 26 86 57 92 74 14 44 51 11 86 42 67 74 44 80 84 1 47 29 11 37 49 0 39 87 78 53 34 91 4 77 96 74 41 57 48 56 8 97 61 82 76 66 21 45 79 85 96 15 67 28 26 9 91 58 49 83 91 32 54 13 10 67 44 70 6 59 62 96 57 1 
21 43 28 13 27 73 5 12 70 69 69 34 64 40 46 18 92 41 72 89 85 2 69 88 11 1 99 73 22 87 70 39 0 91 34 80 39 66 53 53 72 66 32 75 82 5 8 48 63 76 2 61 63 32 81 46 35 77 59 100 26 63 89 45 21 71 34 87 74 1 39 100 72 11 70 81 57 36 23 96 
2 83 91 36 62 22 95 59 79 77 5 62 21 3 72 29 68 44 10 29 43 23 86 5 34 65 58 29 70 80 83 87 91 0 5 80 74 10 22 84 98 1 45 70 25 79 7 24 45 25 25 52 100 67 55 39 97 17 34 49 86 93 39 79 5 4 22 33 9 43 44 58 63 71 63 88 90 12 4 60 
91 84 46 26 90 58 41 32 34 6 52 80 38 64 78 16 84 25 29 28 51 65 85 47 75 47 32 47 14 57 39 78 34 5 0 69 3 28 85 60 47 39 100 96 26 64 80 74 1 96 92 8 6 86 59 5 62 10 84 34 44 80 40 42 90 61 62 97 64 46 85 33 45 13 23 28 93 36 32 93 
51 5 80 11 2 66 96 58 22 87 98 75 86 97 27 63 65 9 7 95 43 33 47 88 1 24 50 17 28 24 94 53 80 80 69 0 25 91 16 42 74 49 36 8 32 46 86 64 5 90 91 52 91 40 89 94 78 11 76 40 82 45 45 18 26 13 22 31 93 16 12 71 25 17 30 86 63 64 62 69 
2 58 4 48 30 87 63 96 37 11 53 11 58 12 14 76 27 31 33 23 73 78 72 64 32 34 33 70 35 12 12 34 39 74 3 25 0 56 8 61 38 98 92 37 58 28 79 18 30 35 57 72 71 22 13 56 89 41 98 73 65 15 44 4 69 61 48 44 66 17 25 55 100 88 94 20 18 66 40 65 
55 94 61 20 75 52 32 4 55 21 47 8 18 97 66 82 24 33 63 67 69 9 37 51 7 64 87 54 95 39 23 91 66 10 28 91 56 0 95 49 92 44 49 55 91 31 97 8 44 86 2 92 87 20 85 87 25 21 71 76 11 67 87 14 75 40 42 8 24 34 1 7 34 47 30 26 4 2 19 21 
25 76 92 75 29 24 56 71 58 79 23 61 19 94 11 29 56 72 67 98 18 45 45 34 60 98 3 86 26 42 56 4 53 22 85 16 8 95 0 17 61 87 14 36 78 53 97 90 33 92 32 86 94 18 79 29 100 45 38 78 16 24 41 82 59 70 21 65 24 80 70 48 99 92 43 54 78 62 77 5 
72 89 5 64 42 91 25 89 35 80 42 16 35 37 35 94 41 77 16 56 22 88 8 63 42 69 65 59 89 10 5 77 53 84 60 42 61 49 17 0 25 17 20 22 66 26 48 18 5 98 49 75 84 6 99 87 68 64 36 41 100 56 5 26 75 10 15 37 2 46 1 69 89 23 5 63 97 22 98 44 
97 48 81 84 68 66 19 26 54 75 49 8 40 93 64 47 30 37 35 7 19 3 91 82 6 88 19 77 90 67 17 96 72 98 47 74 38 92 61 25 0 3 76 74 84 37 81 52 69 32 24 29 74 45 57 24 67 8 44 40 98 32 27 9 46 94 76 62 60 71 84 51 20 24 54 9 86 78 32 89 
43 42 63 84 90 63 66 36 83 77 34 75 59 44 32 18 3 52 90 31 92 68 58 59 2 44 11 85 83 90 93 74 66 1 39 49 98 44 87 17 3 0 43 53 25 59 67 37 22 97 97 37 77 69 45 18 55 29 64 39 89 24 95 49 7 26 68 42 58 3 10 46 32 56 78 36 45 30 40 71 
8 68 27 60 98 35 94 19 59 62 77 67 14 6 88 70 89 73 74 98 74 16 83 94 54 7 68 63 26 45 80 41 32 45 100 36 92 49 14 20 76 43 0 29 63 21 60 21 51 29 62 82 74 83 74 79 99 52 2 100 63 52 44 24 25 65 18 58 88 55 84 71 6 31 95 77 47 7 34 28 
2 48 35 68 75 9 92 69 76 27 69 70 21 16 62 63 71 86 12 14 65 11 87 83 97 57 26 55 99 100 100 57 75 70 96 8 37 55 36 22 74 53 29 0 67 38 26 72 46 91 40 64 92 81 32 54 46 42 76 72 26 46 51 6 95 20 89 88 17 81 44 10 77 13 89 67 6 98 81 94 
63 80 28 10 26 20 94 96 100 44 54 33 12 6 69 96 97 67 39 1 69 91 1 54 16 97 12 10 7 1 30 48 82 25 26 32 58 91 78 66 84 25 63 67 0 77 14 66 97 90 74 79 14 81 93 100 13 60 68 68 22 4 38 14 5 50 50 97 28 59 54 22 73 27 34 76 24 45 92 24 
26 36 70 82 38 99 96 34 71 70 30 10 5 54 75 60 48 28 36 71 42 11 82 34 10 52 10 12 32 72 3 56 5 79 64 46 28 31 53 26 37 59 21 38 77 0 65 27 95 15 100 69 9 77 99 2 81 7 75 61 72 57 72 23 4 26 52 65 62 97 89 30 65 5 63 97 5 30 39 25 
71 48 77 100 43 13 9 98 76 40 49 24 25 81 96 92 13 70 51 3 82 40 51 94 100 54 25 98 91 48 52 8 8 7 80 86 79 97 97 48 81 67 60 26 14 65 0 74 59 69 86 18 62 99 27 85 19 99 7 22 27 75 51 97 45 5 7 28 67 83 11 7 92 27 45 35 39 19 97 18 
20 14 60 90 32 3 70 43 30 14 79 21 28 81 30 6 54 13 89 63 86 33 60 63 75 89 98 24 57 67 56 97 48 24 74 64 18 8 90 18 52 37 21 72 66 27 74 0 80 77 84 60 6 87 98 67 86 56 71 39 40 96 26 79 13 70 42 16 71 25 46 86 22 28 50 25 25 99 34 82 
8 71 75 87 26 28 51 50 75 15 69 81 88 54 45 27 45 32 51 65 67 44 55 65 51 12 12 26 55 40 62 61 63 45 1 5 30 44 33 5 69 22 51 46 97 95 59 80 0 32 90 23 72 9 62 68 11 48 32 90 28 57 65 85 24 79 95 56 94 79 63 27 38 23 98 29 90 98 26 47 
91 42 25 54 68 39 87 47 9 26 71 94 79 99 40 97 88 33 15 85 86 1 30 95 64 18 71 70 61 26 2 82 76 25 96 90 35 86 92 98 32 97 29 91 90 15 69 77 32 0 67 66 96 82 61 69 48 45 34 4 28 83 80 88 98 95 80 54 40 21 83 54 60 22 94 3 87 12 72 50 
67 12 96 95 43 99 13 18 66 49 97 83 22 11 11 98 25 49 67 99 40 3 34 92 99 21 92 97 45 34 87 76 2 25 92 91 57 2 32 49 24 97 62 40 74 100 86 84 90 67 0 91 50 95 60 73 93 14 86 97 98 5 18 94 39 17 46 96 20 44 80 52 14 72 3 53 38 79 87 28 
90 24 68 45 22 29 7 8 78 62 27 69 32 93 86 88 53 64 53 60 58 80 69 88 80 69 22 12 19 74 78 66 61 52 8 52 72 92 86 75 29 37 82 64 79 69 18 60 23 66 91 0 49 60 68 73 34 98 92 94 8 70 55 11 33 4 1 60 78 83 49 72 11 20 59 9 39 68 30 96 
71 94 46 93 5 33 58 93 73 46 96 36 57 38 64 87 39 3 72 13 54 46 52 46 95 2 72 81 29 27 33 21 63 100 6 91 71 87 94 84 74 77 74 92 14 9 62 6 72 96 50 49 0 98 33 32 62 58 75 96 18 77 75 63 50 56 56 77 59 94 38 80 47 30 20 74 43 63 82 51 
26 10 24 29 92 21 60 91 91 77 35 18 55 96 79 8 30 75 12 76 13 10 100 93 3 38 34 2 17 17 38 45 32 67 86 40 22 20 18 6 45 69 83 81 81 77 99 87 9 82 95 60 98 0 28 55 63 32 47 73 89 17 47 58 82 1 10 89 87 4 50 44 43 34 94 96 46 17 89 21 
50 20 12 75 55 79 74 57 47 62 5 89 9 100 47 32 12 21 33 39 48 23 78 44 78 54 79 10 70 30 61 79 81 55 59 89 13 85 79 99 57 45 74 32 93 99 27 98 62 61 60 68 33 28 0 96 2 63 29 5 62 73 96 64 95 34 88 50 51 2 98 61 48 83 79 75 16 13 4 65 
34 49 20 63 21 72 81 77 9 42 12 71 57 29 15 74 63 62 47 28 15 39 57 60 6 15 40 84 93 95 62 85 46 39 5 94 56 87 29 87 24 18 79 54 100 2 85 67 68 69 73 73 32 55 96 0 76 100 47 78 48 53 34 33 53 3 75 15 14 59 73 57 78 38 33 21 40 100 81 86 
87 59 98 62 78 56 12 21 70 17 18 24 60 19 30 12 4 97 3 25 82 25 60 14 1 16 46 37 73 84 46 96 35 97 62 78 89 25 100 68 67 55 99 46 13 81 19 86 11 48 93 34 62 63 2 76 0 9 21 95 82 91 64 95 54 43 83 43 26 52 100 36 97 68 11 17 7 15 71 17 
54 24 54 11 23 16 33 70 39 12 6 15 47 38 85 7 70 49 13 64 100 21 9 17 2 64 73 96 18 82 24 15 77 17 10 11 41 21 45 64 8 29 52 42 60 7 99 56 48 45 14 98 58 32 63 100 9 0 80 59 38 19 4 36 20 55 12 85 48 63 96 70 32 73 33 80 8 89 72 74 
25 52 57 18 76 45 26 16 85 82 45 36 60 2 97 72 99 19 43 77 56 57 48 23 5 87 61 89 11 17 80 67 59 34 84 76 98 71 38 36 44 64 2 76 68 75 7 71 32 34 86 92 75 47 29 47 21 80 0 66 96 61 82 9 75 26 13 68 17 60 81 28 47 22 90 31 54 63 100 41 
22 79 11 68 99 47 27 75 35 82 44 83 54 13 83 58 47 31 21 94 72 36 93 40 52 25 49 75 18 94 73 28 100 49 34 40 73 76 78 41 40 39 100 72 68 61 22 39 90 4 97 94 96 73 5 78 95 59 66 0 56 34 54 5 69 77 28 91 57 52 79 33 42 12 69 61 51 18 27 88 
21 66 8 65 3 77 80 28 82 52 86 5 24 22 15 49 52 86 13 41 4 72 80 45 85 68 79 56 84 44 81 26 26 86 44 82 65 11 16 100 98 89 63 26 22 72 27 40 28 28 98 8 18 89 62 48 82 38 96 56 0 53 64 1 71 76 35 75 37 11 82 87 87 1 93 9 42 96 81 19 
61 39 53 87 64 65 60 100 69 90 94 46 39 5 98 4 59 1 18 39 91 91 35 7 24 64 72 49 59 86 90 9 63 93 80 45 15 67 24 56 32 24 52 46 4 57 75 96 57 83 5 70 77 17 73 53 91 19 61 34 53 0 90 65 66 87 55 52 32 23 57 36 81 35 60 71 60 96 48 83 
13 55 86 89 72 49 29 23 16 15 11 88 44 62 19 25 16 74 85 61 54 93 61 8 91 33 65 29 34 38 97 91 89 39 40 45 44 87 41 5 27 95 44 51 38 72 51 26 65 80 18 55 75 47 96 34 64 4 82 54 64 90 0 9 26 39 16 20 86 83 27 2 75 77 7 96 78 96 50 14 
70 48 70 94 100 12 10 88 7 93 23 34 76 64 40 41 58 42 88 6 49 25 73 82 99 78 83 89 8 79 98 58 45 79 42 18 4 14 82 26 9 49 24 6 14 23 97 79 85 88 94 11 63 58 64 33 95 36 9 5 1 65 9 0 77 19 5 74 26 58 29 100 55 6 17 46 61 77 85 32 
84 66 42 3 51 1 15 45 59 39 85 13 66 32 86 34 59 84 18 29 78 51 69 100 78 15 56 75 86 2 43 49 21 5 90 26 69 75 59 75 46 7 25 95 5 4 45 13 24 98 39 33 50 82 95 53 54 20 75 69 71 66 26 77 0 15 68 41 43 94 43 51 68 91 42 68 52 36 48 52 
3 33 67 88 36 66 60 52 36 72 1 99 18 64 12 7 38 22 2 39 21 88 2 8 70 88 64 31 4 13 24 83 71 4 61 13 61 40 70 10 94 26 65 20 50 26 5 70 79 95 17 4 56 1 34 3 43 55 26 77 76 87 39 19 15 0 88 93 67 18 6 67 99 70 86 47 33 78 43 48 
93 59 6 27 85 10 66 8 24 68 46 29 33 7 67 21 94 36 21 19 26 87 75 54 14 87 45 57 74 68 23 91 34 22 62 22 48 42 21 15 76 68 18 89 50 52 7 42 95 80 46 1 56 10 88 75 83 12 13 28 35 55 16 5 68 88 0 25 98 66 70 13 22 35 54 47 94 72 90 94 
83 73 7 60 50 40 1 68 5 86 65 41 80 20 59 87 69 84 51 31 24 11 77 24 4 11 18 78 23 75 79 32 87 33 97 31 44 8 65 37 62 42 58 88 97 65 28 16 56 54 96 60 77 89 50 15 43 85 68 91 75 52 20 74 41 93 25 0 35 85 22 30 72 37 49 9 54 95 16 48 
95 99 62 97 56 10 27 51 81 100 74 50 100 75 63 24 79 17 88 88 28 41 23 41 32 29 72 57 33 60 66 54 74 9 64 93 66 24 24 2 60 58 88 17 28 62 67 71 94 40 20 78 59 87 51 14 26 48 17 57 37 32 86 26 43 67 98 35 0 84 26 86 100 87 25 92 93 93 88 63 
68 21 99 6 49 39 14 41 77 71 89 2 48 63 78 44 59 62 90 96 39 20 58 26 85 64 46 11 32 68 35 13 1 43 46 16 17 34 80 46 71 3 55 81 59 97 83 25 79 21 44 83 94 4 2 59 52 63 60 52 11 23 83 58 94 18 66 85 84 0 18 43 37 76 91 9 7 58 11 10 
91 76 6 50 75 15 58 48 55 58 78 45 58 73 69 71 7 89 22 43 4 11 7 3 82 60 34 43 22 57 53 10 39 44 85 12 25 1 70 1 84 10 84 44 54 89 11 46 63 83 80 49 38 50 98 73 100 96 81 79 82 57 27 29 43 6 70 22 26 18 0 12 45 31 29 14 77 91 80 21 
57 88 25 4 21 38 67 17 68 85 93 86 66 35 95 63 85 1 48 86 14 89 5 51 69 66 54 67 39 21 35 67 100 58 33 71 55 7 48 69 51 46 71 10 22 30 7 86 27 54 52 72 80 44 61 57 36 70 28 33 87 36 2 100 51 67 13 30 86 43 12 0 70 48 74 37 70 85 18 96 
54 6 85 64 64 7 52 39 97 39 73 20 16 51 21 47 25 95 100 27 73 6 18 9 77 48 30 86 86 89 80 44 72 63 45 25 100 34 99 89 20 32 6 77 73 65 92 22 38 60 14 11 47 43 48 78 97 32 47 42 87 81 75 55 68 99 22 72 100 37 45 70 0 100 9 90 1 87 26 79 
7 88 64 48 93 64 69 63 98 39 34 74 98 16 39 67 41 20 30 65 10 99 79 84 90 38 69 84 74 93 58 70 11 71 13 17 88 47 92 23 24 56 31 13 27 5 27 28 23 22 72 20 30 34 83 38 68 73 22 12 1 35 77 6 91 70 35 37 87 76 31 48 100 0 38 34 14 10 46 74 
95 65 30 3 30 70 78 99 45 4 69 47 29 42 5 35 26 3 50 53 58 26 56 19 75 32 45 90 21 28 67 6 70 63 23 30 94 30 43 5 54 78 95 89 34 63 45 50 98 94 3 59 20 94 79 33 11 33 90 69 93 60 7 17 42 86 54 49 25 91 29 74 9 38 0 16 52 53 23 57 
86 30 64 98 76 65 4 57 57 88 58 10 42 89 89 33 13 50 99 78 16 29 35 67 51 54 48 69 8 98 37 59 81 88 28 86 20 26 54 63 9 36 77 67 76 97 35 25 29 3 53 9 74 96 75 21 17 80 31 61 9 71 96 46 68 47 47 9 92 9 14 37 90 34 16 0 98 21 1 7 
34 66 33 25 37 71 60 88 80 38 98 37 80 4 66 85 24 55 29 76 46 63 20 34 62 53 100 98 94 72 73 62 57 90 93 63 18 4 78 97 86 45 47 6 24 5 39 25 90 87 38 39 43 46 16 40 7 8 54 51 42 60 78 61 52 33 94 54 93 7 77 70 1 14 52 98 0 68 48 66 
19 37 47 89 20 65 100 94 4 73 88 18 80 81 29 32 56 57 40 63 63 29 83 80 62 81 3 74 75 49 65 96 36 12 36 64 66 2 62 22 78 30 7 98 45 30 19 99 98 12 79 68 63 17 13 100 15 89 63 18 96 96 96 77 36 78 72 95 93 58 91 85 87 10 53 21 68 0 61 25 
25 11 77 77 81 75 69 10 23 78 31 29 78 52 49 33 93 40 6 32 15 13 80 19 11 74 31 82 37 2 28 57 23 4 32 62 40 19 77 98 32 40 34 81 92 39 97 34 26 72 87 30 82 89 4 81 71 72 100 27 81 48 50 85 48 43 90 16 88 11 80 18 26 46 23 1 48 61 0 53 
34 4 57 86 45 80 22 7 17 47 43 18 96 79 88 3 33 67 9 55 60 14 77 65 71 52 43 73 94 55 51 1 96 60 93 69 65 21 5 44 89 71 28 94 24 25 18 82 47 50 28 96 51 21 65 86 17 74 41 88 19 83 14 32 52 48 94 48 63 10 21 96 79 74 57 7 66 25 53 0 
0 51 0 17 67 0 56 0 0 12 40 0 29 0 0 0 98 69 92 86 0 5 0 0 96 0 69 76 0 31 0 88 0 35 0 47 78 0 85 83 50 68 22 0 0 90 16 64 66 15 0 48 89 29 67 0 71 0 0 0 68 58 0 0 0 18 0 0 63 0 46 0 50 0 56 0 0 0 67 75 
0 0 0 69 0 0 49 0 0 0 0 0 0 0 0 0 0 0 70 62 0 0 0 0 0 0 0 0 0 36 0 0 0 0 0 0 80 0 0 0 0 0 0 0 0 0 0 0 0 0 0 0 0 0 0 0 0 0 0 0 44 0 0 0 0 75 0 0 0 0 0 0 0 0 0 0 0 0 0 0 
0 0 0 27 54 0 51 0 23 22 52 46 79 0 0 0 82 30 21 19 0 99 0 14 55 0 50 25 0 0 0 60 43 2 0 19 33 0 67 47 91 51 75 0 0 2 76 62 9 73 40 61 26 9 19 0 11 0 0 0 24 100 13 0 0 16 0 0 58 0 94 0 46 0 88 25 63 0 69 97 
0 0 0 0 0 0 0 0 0 0 0 0 0 0 0 0 0 0 47 0 0 0 0 0 0 0 0 0 0 95 0 0 0 0 0 0 0 0 0 0 0 0 0 0 0 0 0 0 0 0 0 0 0 0 0 0 0 0 0 0 0 0 0 0 0 74 0 0 0 0 0 0 0 0 0 0 0 0 0 0 
0 0 0 0 0 0 5 0 0 0 99 0 0 0 0 0 64 10 60 21 0 51 0 0 82 0 99 60 0 27 0 90 0 6 0 0 6 0 72 25 88 53 0 0 0 0 22 93 55 3 0 16 82 0 71 0 75 0 0 0 69 9 0 0 0 89 0 0 13 0 65 0 76 0 13 0 0 0 78 67 
0 0 0 0 0 0 35 0 10 96 19 43 50 0 0 19 46 3 50 53 11 57 0 45 63 0 52 51 12 37 49 6 20 23 0 16 57 82 96 77 20 39 50 22 89 26 41 46 49 98 77 35 84 4 62 32 47 0 81 5 64 43 7 0 1 19 63 5 19 0 2 0 12 24 28 14 57 10 27 90 
0 0 0 0 0 0 0 0 0 0 0 0 0 0 0 0 0 0 6 70 0 0 0 0 0 0 0 0 0 3 0 0 0 0 0 0 47 0 0 0 0 0 0 0 0 0 0 0 0 0 0 0 0 0 0 0 0 0 0 0 0 0 0 0 0 71 0 0 0 0 0 0 0 0 0 0 0 0 0 0 
0 0 0 0 0 0 0 0 47 45 67 31 27 40 0 73 63 46 34 7 33 55 33 81 42 0 0 36 100 17 29 26 25 60 50 98 23 20 18 52 46 9 27 44 81 89 31 82 35 51 30 17 53 50 62 28 76 34 74 28 75 27 30 38 61 75 96 54 20 0 81 0 100 42 67 85 32 34 39 91 
0 0 0 0 0 0 0 0 0 63 60 0 96 0 0 0 56 1 41 86 0 98 0 0 57 0 1 34 0 61 0 94 0 36 0 88 68 0 79 41 5 70 3 0 0 93 36 63 33 95 33 88 64 3 13 0 80 0 0 0 29 95 75 0 0 67 0 0 85 0 71 0 97 0 57 0 0 0 5 77 
0 0 0 0 0 0 0 0 0 0 27 0 25 0 0 0 52 3 59 21 0 83 0 0 74 0 49 59 0 9 0 7 0 65 0 11 97 0 5 87 54 34 46 0 0 60 37 57 50 57 0 98 64 41 54 0 73 0 0 0 11 20 0 0 0 26 0 0 29 0 36 0 30 0 64 0 0 0 5 22 
0 0 0 0 0 0 0 0 0 0 0 0 0 0 0 0 0 65 80 1 0 48 0 0 44 0 0 0 0 62 0 64 0 71 0 0 66 0 54 0 0 0 0 0 0 0 0 67 70 0 0 0 0 0 0 0 0 0 0 0 24 0 0 0 0 95 0 0 0 0 97 0 0 0 13 0 0 0 0 62 
0 0 0 0 0 0 0 0 0 0 0 0 4 0 0 0 25 90 32 50 0 39 0 0 33 0 75 100 0 96 0 23 0 4 0 63 24 0 45 43 0 87 57 0 0 46 39 44 5 71 17 35 14 92 63 0 47 0 0 0 65 100 61 0 0 36 0 0 26 0 77 0 81 0 26 0 67 0 57 87 
0 0 0 0 0 0 0 0 0 0 0 0 0 0 0 0 38 55 89 96 0 21 0 0 36 0 33 30 0 22 0 99 0 37 0 33 98 0 34 30 11 5 5 0 0 32 66 39 27 62 0 14 53 74 41 0 78 0 0 0 90 46 0 0 0 48 0 0 23 0 41 0 58 0 97 0 0 0 67 79 
0 0 0 0 0 0 0 0 0 0 0 0 0 0 0 29 35 22 74 81 71 53 0 26 41 0 25 5 58 89 44 64 6 43 68 0 2 62 73 71 34 86 74 81 4 32 81 30 30 44 46 7 56 55 65 81 3 27 2 64 78 93 25 43 79 21 11 66 53 0 83 0 45 12 98 67 47 91 9 84 
0 0 0 0 0 0 0 0 0 0 0 0 0 0 0 94 58 95 60 16 26 59 66 90 98 18 17 14 89 29 49 26 7 67 29 94 16 84 94 15 63 22 73 56 25 56 21 66 97 78 50 1 70 73 53 18 31 64 70 47 72 92 93 99 13 83 92 53 75 80 70 100 89 24 53 46 52 86 13 16 
0 0 0 0 0 0 0 0 0 0 0 0 0 0 0 0 46 91 75 99 9 70 0 50 5 0 55 79 62 26 8 43 62 33 0 96 85 0 32 66 64 24 100 0 66 42 12 57 83 76 68 76 87 64 12 25 95 0 0 86 96 26 85 0 0 79 0 0 78 0 41 0 45 98 86 4 94 3 17 24 
0 0 0 0 0 0 0 0 0 0 0 0 0 0 0 0 0 15 79 84 0 53 0 0 97 0 60 15 0 92 0 11 0 43 0 0 19 0 28 50 64 17 0 0 0 0 7 18 67 53 0 37 2 0 43 0 57 0 0 0 85 61 0 0 0 67 0 0 14 0 75 0 58 0 32 0 0 0 38 98 
0 0 0 0 0 0 0 0 0 0 0 0 0 0 0 0 0 0 74 15 0 0 0 0 13 0 0 0 0 26 0 32 0 70 0 0 30 0 0 56 0 0 0 0 0 0 0 0 79 0 0 0 0 0 0 0 0 0 0 0 40 0 0 0 0 9 0 0 4 0 0 0 0 0 95 0 0 0 0 51 
0 0 0 0 0 0 0 0 0 0 0 0 0 0 0 0 0 0 0 0 0 0 0 0 0 0 0 0 0 42 0 0 0 0 0 0 0 0 0 0 0 0 0 0 0 0 0 0 0 0 0 0 0 0 0 0 0 0 0 0 0 0 0 0 0 0 0 0 0 0 0 0 0 0 0 0 0 0 0 0 
0 0 0 0 0 0 0 0 0 0 0 0 0 0 0 0 0 0 0 0 0 0 0 0 0 0 0 0 0 78 0 0 0 0 0 0 23 0 0 0 0 0 0 0 0 0 0 0 0 0 0 0 0 0 0 0 0 0 0 0 0 0 0 0 0 82 0 0 0 0 0 0 0 0 0 0 0 0 0 0 
0 0 0 0 0 0 0 0 0 0 0 0 0 0 0 0 0 0 0 0 0 40 0 100 5 0 87 20 0 76 0 79 94 43 0 14 18 0 20 73 83 3 20 0 0 48 18 89 16 25 58 95 38 18 85 0 17 0 0 0 37 48 29 0 0 17 0 0 26 0 38 0 81 0 54 81 44 0 79 1 
0 0 0 0 0 0 0 0 0 0 0 0 0 0 0 0 0 0 0 0 0 0 0 0 83 0 0 0 0 72 0 2 0 63 0 0 91 0 0 75 0 0 0 0 0 0 0 0 21 0 0 0 0 0 0 0 0 0 0 0 1 0 0 0 0 95 0 0 35 0 0 0 0 0 35 0 0 0 0 74 
0 0 0 0 0 0 0 0 0 0 0 0 0 0 0 0 0 0 0 0 0 0 0 67 22 0 51 94 95 40 77 51 52 10 6 21 17 0 88 27 0 94 58 4 10 45 59 10 53 19 28 41 14 51 47 48 2 80 56 54 80 11 89 89 3 41 71 14 92 0 90 0 58 40 47 53 7 65 42 18 
0 0 0 0 0 0 0 0 0 0 0 0 0 0 0 0 0 0 0 0 0 0 0 0 90 0 95 24 0 88 0 22 0 47 0 98 30 0 63 49 96 6 80 0 0 3 83 11 7 71 18 86 100 75 76 0 39 0 0 0 58 46 64 0 0 74 0 0 60 0 68 0 88 0 93 0 0 0 98 2 
0 0 0 0 0 0 0 0 0 0 0 0 0 0 0 0 0 0 0 0 0 0 0 0 0 0 0 0 0 97 0 61 0 10 0 0 77 0 0 88 0 0 0 0 0 0 0 0 79 0 0 0 0 0 0 0 0 0 0 0 31 0 0 0 0 85 0 0 70 0 0 0 0 0 56 0 0 0 0 39 
0 0 0 0 0 0 0 0 0 0 0 0 0 0 0 0 0 0 0 0 0 0 0 0 0 0 18 24 66 25 85 82 76 35 73 71 15 30 76 20 20 78 52 63 92 75 21 27 58 15 90 100 61 2 15 60 36 13 97 54 49 31 91 42 11 14 28 81 74 0 45 0 0 48 95 37 10 76 67 24 
0 0 0 0 0 0 0 0 0 0 0 0 0 0 0 0 0 0 0 0 0 0 0 0 0 0 0 59 0 78 0 22 0 71 0 0 97 0 0 85 10 77 0 0 0 0 0 37 24 33 0 46 25 0 93 0 5 0 0 0 3 67 0 0 0 41 0 0 22 0 31 0 0 0 74 0 0 0 58 57 
0 0 0 0 0 0 0 0 0 0 0 0 0 0 0 0 0 0 0 0 0 0 0 0 0 0 0 0 0 77 0 8 0 37 0 0 61 0 43 15 0 17 0 0 0 0 0 94 21 0 0 73 0 0 44 0 0 0 0 0 55 0 0 0 0 69 0 0 22 0 0 0 0 0 70 0 0 0 17 73 
0 0 0 0 0 0 0 0 0 0 0 0 0 0 0 0 0 0 0 0 0 0 0 0 0 0 0 0 0 4 0 87 80 36 0 17 39 0 6 13 17 7 95 0 0 29 31 18 95 53 88 35 33 93 0 97 86 0 0 31 13 46 39 0 0 75 0 0 28 0 81 0 69 43 82 48 96 0 44 40 
0 0 0 0 0 0 0 0 0 0 0 0 0 0 0 0 0 0 0 0 0 0 0 0 0 0 0 0 0 0 0 0 0 0 0 0 0 0 0 0 0 0 0 0 0 0 0 0 0 0 0 0 0 0 0 0 0 0 0 0 0 0 0 0 0 0 0 0 0 0 0 0 0 0 0 0 0 0 0 0 
0 0 0 0 0 0 0 0 0 0 0 0 0 0 0 0 0 0 0 0 0 0 0 0 0 0 0 0 0 0 0 5 87 26 0 98 96 0 53 27 56 0 10 0 4 93 13 18 96 66 53 42 91 9 92 85 59 0 0 12 37 68 76 0 0 50 0 0 69 0 11 0 67 64 13 71 96 94 10 6 
0 0 0 0 0 0 0 0 0 0 0 0 0 0 0 0 0 0 0 0 0 0 0 0 0 0 0 0 0 0 0 0 0 94 0 0 54 0 0 48 0 0 0 0 0 0 0 0 95 0 0 0 0 0 0 0 0 0 0 0 83 0 0 0 0 74 0 0 34 0 0 0 0 0 0 0 0 0 0 51 
0 0 0 0 0 0 0 0 0 0 0 0 0 0 0 0 0 0 0 0 0 0 0 0 0 0 0 0 0 0 0 0 0 91 0 94 60 0 69 45 61 27 51 0 0 63 32 94 73 99 61 35 57 33 61 0 54 0 0 0 84 61 2 0 0 55 0 0 21 0 91 0 0 0 36 0 21 0 87 97 
0 0 0 0 0 0 0 0 0 0 0 0 0 0 0 0 0 0 0 0 0 0 0 0 0 0 0 0 0 0 0 0 0 0 0 0 81 0 0 0 0 0 0 0 0 0 0 0 99 0 0 0 0 0 0 0 0 0 0 0 1 0 0 0 0 46 0 0 0 0 0 0 0 0 0 0 0 0 0 0 
0 0 0 0 0 0 0 0 0 0 0 0 0 0 0 0 0 0 0 0 0 0 0 0 0 0 0 0 0 0 0 0 0 0 0 69 13 25 17 24 21 95 8 1 29 0 68 15 42 57 38 60 84 100 40 15 69 28 59 64 73 50 90 79 28 41 44 97 9 0 70 0 45 50 20 42 28 27 74 88 
0 0 0 0 0 0 0 0 0 0 0 0 0 0 0 0 0 0 0 0 0 0 0 0 0 0 0 0 0 0 0 0 0 0 0 0 1 0 76 96 43 4 0 0 0 0 68 95 3 48 0 24 17 0 92 0 44 0 0 0 78 35 0 0 0 12 0 0 56 0 48 0 44 0 59 0 0 0 9 14 
0 0 0 0 0 0 0 0 0 0 0 0 0 0 0 0 0 0 0 0 0 0 0 0 0 0 0 0 0 0 0 0 0 0 0 0 0 0 0 0 0 0 0 0 0 0 0 0 0 0 0 0 0 0 0 0 0 0 0 0 0 0 0 0 0 96 0 0 0 0 0 0 0 0 0 0 0 0 0 0 
0 0 0 0 0 0 0 0 0 0 0 0 0 0 0 0 0 0 0 0 0 0 0 0 0 0 0 0 0 0 0 0 0 0 0 0 0 0 57 98 96 97 98 0 16 48 0 82 18 22 52 33 50 96 53 99 69 0 16 79 42 71 77 0 65 88 0 81 68 0 52 0 58 40 3 16 66 19 26 68 
0 0 0 0 0 0 0 0 0 0 0 0 0 0 0 0 0 0 0 0 0 0 0 0 0 0 0 0 0 0 0 0 0 0 0 0 0 0 0 89 0 0 0 0 0 0 0 0 12 0 0 0 0 0 0 0 0 0 0 0 34 0 0 0 0 94 0 0 29 0 27 0 0 0 0 0 0 0 0 85 
0 0 0 0 0 0 0 0 0 0 0 0 0 0 0 0 0 0 0 0 0 0 0 0 0 0 0 0 0 0 0 0 0 0 0 0 0 0 0 0 0 0 0 0 0 0 0 0 84 0 0 0 0 0 0 0 0 0 0 0 15 0 0 0 0 38 0 0 0 0 0 0 0 0 0 0 0 0 0 64 
0 0 0 0 0 0 0 0 0 0 0 0 0 0 0 0 0 0 0 0 0 0 0 0 0 0 0 0 0 0 0 0 0 0 0 0 0 0 0 0 0 59 0 0 0 0 0 29 70 13 0 47 0 0 84 0 79 0 0 0 40 4 0 0 0 23 0 0 56 0 3 0 0 0 68 0 0 0 71 83 
0 0 0 0 0 0 0 0 0 0 0 0 0 0 0 0 0 0 0 0 0 0 0 0 0 0 0 0 0 0 0 0 0 0 0 0 0 0 0 0 0 0 0 0 0 0 0 3 95 0 0 0 0 0 0 0 0 0 0 0 25 0 0 0 0 62 0 0 30 0 1 0 0 0 88 0 0 0 0 29 
0 0 0 0 0 0 0 0 0 0 0 0 0 0 0 0 0 0 0 0 0 0 0 0 0 0 0 0 0 0 0 0 0 0 0 0 0 0 0 0 0 0 0 0 0 0 53 14 62 98 0 57 49 0 20 0 68 0 0 0 12 43 0 0 0 69 0 0 63 0 5 0 34 0 67 0 0 0 11 86 
0 0 0 0 0 0 0 0 0 0 0 0 0 0 0 0 0 0 0 0 0 0 0 0 0 0 0 0 0 0 0 0 0 0 0 0 0 0 0 0 0 0 0 0 30 88 78 63 42 15 65 80 72 42 26 53 61 0 72 37 70 13 43 0 39 61 0 53 84 0 76 0 95 58 57 76 65 99 7 3 
0 0 0 0 0 0 0 0 0 0 0 0 0 0 0 0 0 0 0 0 0 0 0 0 0 0 0 0 0 0 0 0 0 0 0 0 0 0 0 0 0 0 0 0 0 61 74 74 41 100 57 95 39 66 85 100 30 0 0 94 43 47 26 0 0 30 0 0 68 0 5 0 82 95 77 79 69 0 15 40 
0 0 0 0 0 0 0 0 0 0 0 0 0 0 0 0 0 0 0 0 0 0 0 0 0 0 0 0 0 0 0 0 0 0 0 0 0 0 0 0 0 0 0 0 0 0 47 46 23 80 0 34 85 0 62 0 32 0 0 0 71 37 0 0 0 66 0 0 68 0 12 0 44 0 27 0 0 0 43 9 
0 0 0 0 0 0 0 0 0 0 0 0 0 0 0 0 0 0 0 0 0 0 0 0 0 0 0 0 0 0 0 0 0 0 0 0 0 0 0 0 0 0 0 0 0 0 0 16 87 24 0 12 86 0 79 0 45 0 0 0 48 56 0 0 0 90 0 0 64 0 75 0 0 0 69 0 0 0 2 39 
0 0 0 0 0 0 0 0 0 0 0 0 0 0 0 0 0 0 0 0 0 0 0 0 0 0 0 0 0 0 0 0 0 0 0 0 0 0 0 0 0 0 0 0 0 0 0 0 66 0 0 0 0 0 0 0 0 0 0 0 86 0 0 0 0 75 0 0 24 0 87 0 0 0 11 0 0 0 0 80 
0 0 0 0 0 0 0 0 0 0 0 0 0 0 0 0 0 0 0 0 0 0 0 0 0 0 0 0 0 0 0 0 0 0 0 0 0 0 0 0 0 0 0 0 0 0 0 0 0 0 0 0 0 0 0 0 0 0 0 0 78 0 0 0 0 5 0 0 0 0 0 0 0 0 0 0 0 0 0 0 
0 0 0 0 0 0 0 0 0 0 0 0 0 0 0 0 0 0 0 0 0 0 0 0 0 0 0 0 0 0 0 0 0 0 0 0 0 0 0 0 0 0 0 0 0 0 0 0 0 0 0 24 0 0 30 0 95 0 0 0 55 45 0 0 0 76 0 0 13 0 51 0 0 0 92 0 0 0 72 15 
0 0 0 0 0 0 0 0 0 0 0 0 0 0 0 0 0 0 0 0 0 0 0 0 0 0 0 0 0 0 0 0 0 0 0 0 0 0 0 0 0 0 0 0 0 0 0 0 0 0 0 19 17 0 59 0 82 0 0 0 38 35 34 0 0 17 0 0 1 0 4 0 39 0 63 0 0 0 19 53 
0 0 0 0 0 0 0 0 0 0 0 0 0 0 0 0 0 0 0 0 0 0 0 0 0 0 0 0 0 0 0 0 0 0 0 0 0 0 0 0 0 0 0 0 0 0 0 0 0 0 0 0 0 0 0 0 0 0 0 0 41 0 0 0 0 61 0 0 26 0 70 0 0 0 28 0 0 0 86 74 
0 0 0 0 0 0 0 0 0 0 0 0 0 0 0 0 0 0 0 0 0 0 0 0 0 0 0 0 0 0 0 0 0 0 0 0 0 0 0 0 0 0 0 0 0 0 0 0 0 0 0 0 0 0 24 0 94 0 0 0 11 49 0 0 0 84 0 0 89 0 98 0 0 0 8 0 0 0 34 63 
0 0 0 0 0 0 0 0 0 0 0 0 0 0 0 0 0 0 0 0 0 0 0 0 0 0 0 0 0 0 0 0 0 0 0 0 0 0 0 0 0 0 0 0 0 0 0 0 0 0 0 0 0 0 16 0 7 0 0 0 2 25 0 0 0 77 0 0 69 0 30 0 32 0 29 0 0 0 72 60 
0 0 0 0 0 0 0 0 0 0 0 0 0 0 0 0 0 0 0 0 0 0 0 0 0 0 0 0 0 0 0 0 0 0 0 0 0 0 0 0 0 0 0 0 0 0 0 0 0 0 0 0 0 0 0 0 0 0 0 0 48 0 0 0 0 30 0 0 5 0 3 0 0 0 38 0 0 0 65 10 
0 0 0 0 0 0 0 0 0 0 0 0 0 0 0 0 0 0 0 0 0 0 0 0 0 0 0 0 0 0 0 0 0 0 0 0 0 0 0 0 0 0 0 0 0 0 0 0 0 0 0 0 0 0 0 0 30 0 0 58 55 72 53 0 0 28 0 0 78 0 51 0 40 0 22 5 26 0 67 51 
0 0 0 0 0 0 0 0 0 0 0 0 0 0 0 0 0 0 0 0 0 0 0 0 0 0 0 0 0 0 0 0 0 0 0 0 0 0 0 0 0 0 0 0 0 0 0 0 0 0 0 0 0 0 0 0 0 0 0 0 29 79 0 0 0 64 0 0 11 0 2 0 0 0 67 0 0 0 39 8 
0 0 0 0 0 0 0 0 0 0 0 0 0 0 0 0 0 0 0 0 0 0 0 0 0 0 0 0 0 0 0 0 0 0 0 0 0 0 0 0 0 0 0 0 0 0 0 0 0 0 0 0 0 0 0 0 0 0 92 4 12 19 31 83 14 28 96 21 38 0 33 0 16 20 94 70 8 74 66 61 
0 0 0 0 0 0 0 0 0 0 0 0 0 0 0 0 0 0 0 0 0 0 0 0 0 0 0 0 0 0 0 0 0 0 0 0 0 0 0 0 0 0 0 0 0 0 0 0 0 0 0 0 0 0 0 0 0 0 0 20 85 3 54 0 26 69 0 11 10 0 48 0 19 68 86 98 74 89 56 51 
0 0 0 0 0 0 0 0 0 0 0 0 0 0 0 0 0 0 0 0 0 0 0 0 0 0 0 0 0 0 0 0 0 0 0 0 0 0 0 0 0 0 0 0 0 0 0 0 0 0 0 0 0 0 0 0 0 0 0 0 58 12 50 0 0 13 0 0 1 0 40 0 29 0 36 37 4 0 2 74 
0 0 0 0 0 0 0 0 0 0 0 0 0 0 0 0 0 0 0 0 0 0 0 0 0 0 0 0 0 0 0 0 0 0 0 0 0 0 0 0 0 0 0 0 0 0 0 0 0 0 0 0 0 0 0 0 0 0 0 0 0 0 0 0 0 45 0 0 0 0 0 0 0 0 0 0 0 0 0 0 
0 0 0 0 0 0 0 0 0 0 0 0 0 0 0 0 0 0 0 0 0 0 0 0 0 0 0 0 0 0 0 0 0 0 0 0 0 0 0 0 0 0 0 0 0 0 0 0 0 0 0 0 0 0 0 0 0 0 0 0 0 0 0 0 0 43 0 0 61 0 85 0 0 0 38 0 0 0 74 80 
0 0 0 0 0 0 0 0 0 0 0 0 0 0 0 0 0 0 0 0 0 0 0 0 0 0 0 0 0 0 0 0 0 0 0 0 0 0 0 0 0 0 0 0 0 0 0 0 0 0 0 0 0 0 0 0 0 0 0 0 0 0 0 0 0 63 0 0 24 0 69 0 33 0 72 0 0 0 43 64 
0 0 0 0 0 0 0 0 0 0 0 0 0 0 0 0 0 0 0 0 0 0 0 0 0 0 0 0 0 0 0 0 0 0 0 0 0 0 0 0 0 0 0 0 0 0 0 0 0 0 0 0 0 0 0 0 0 0 0 0 0 0 0 0 53 46 99 40 46 0 98 0 56 1 4 12 9 46 97 34 
0 0 0 0 0 0 0 0 0 0 0 0 0 0 0 0 0 0 0 0 0 0 0 0 0 0 0 0 0 0 0 0 0 0 0 0 0 0 0 0 0 0 0 0 0 0 0 0 0 0 0 0 0 0 0 0 0 0 0 0 0 0 0 0 0 33 0 0 14 0 90 0 90 40 73 95 88 67 67 70 
0 0 0 0 0 0 0 0 0 0 0 0 0 0 0 0 0 0 0 0 0 0 0 0 0 0 0 0 0 0 0 0 0 0 0 0 0 0 0 0 0 0 0 0 0 0 0 0 0 0 0 0 0 0 0 0 0 0 0 0 0 0 0 0 0 0 0 0 0 0 0 0 0 0 0 0 0 0 0 0 
0 0 0 0 0 0 0 0 0 0 0 0 0 0 0 0 0 0 0 0 0 0 0 0 0 0 0 0 0 0 0 0 0 0 0 0 0 0 0 0 0 0 0 0 0 0 0 0 0 0 0 0 0 0 0 0 0 0 0 0 0 0 0 0 0 0 0 51 79 0 84 0 56 49 28 7 62 78 28 0 
0 0 0 0 0 0 0 0 0 0 0 0 0 0 0 0 0 0 0 0 0 0 0 0 0 0 0 0 0 0 0 0 0 0 0 0 0 0 0 0 0 0 0 0 0 0 0 0 0 0 0 0 0 0 0 0 0 0 0 0 0 0 0 0 0 0 0 0 9 0 49 0 47 44 100 62 2 47 87 73 
0 0 0 0 0 0 0 0 0 0 0 0 0 0 0 0 0 0 0 0 0 0 0 0 0 0 0 0 0 0 0 0 0 0 0 0 0 0 0 0 0 0 0 0 0 0 0 0 0 0 0 0 0 0 0 0 0 0 0 0 0 0 0 0 0 0 0 0 0 0 0 0 0 0 0 0 0 0 0 9 
0 0 0 0 0 0 0 0 0 0 0 0 0 0 0 0 0 0 0 0 0 0 0 0 0 0 0 0 0 0 0 0 0 0 0 0 0 0 0 0 0 0 0 0 0 0 0 0 0 0 0 0 0 0 0 0 0 0 0 0 0 0 0 0 0 0 0 0 0 0 48 0 40 47 26 33 34 26 79 61 
0 0 0 0 0 0 0 0 0 0 0 0 0 0 0 0 0 0 0 0 0 0 0 0 0 0 0 0 0 0 0 0 0 0 0 0 0 0 0 0 0 0 0 0 0 0 0 0 0 0 0 0 0 0 0 0 0 0 0 0 0 0 0 0 0 0 0 0 0 0 0 0 0 0 18 0 0 0 0 44 
0 0 0 0 0 0 0 0 0 0 0 0 0 0 0 0 0 0 0 0 0 0 0 0 0 0 0 0 0 0 0 0 0 0 0 0 0 0 0 0 0 0 0 0 0 0 0 0 0 0 0 0 0 0 0 0 0 0 0 0 0 0 0 0 0 0 0 0 0 0 0 0 97 63 40 2 54 91 100 38 
0 0 0 0 0 0 0 0 0 0 0 0 0 0 0 0 0 0 0 0 0 0 0 0 0 0 0 0 0 0 0 0 0 0 0 0 0 0 0 0 0 0 0 0 0 0 0 0 0 0 0 0 0 0 0 0 0 0 0 0 0 0 0 0 0 0 0 0 0 0 0 0 0 0 46 0 0 0 71 97 
0 0 0 0 0 0 0 0 0 0 0 0 0 0 0 0 0 0 0 0 0 0 0 0 0 0 0 0 0 0 0 0 0 0 0 0 0 0 0 0 0 0 0 0 0 0 0 0 0 0 0 0 0 0 0 0 0 0 0 0 0 0 0 0 0 0 0 0 0 0 0 0 0 0 61 69 29 0 5 85 
0 0 0 0 0 0 0 0 0 0 0 0 0 0 0 0 0 0 0 0 0 0 0 0 0 0 0 0 0 0 0 0 0 0 0 0 0 0 0 0 0 0 0 0 0 0 0 0 0 0 0 0 0 0 0 0 0 0 0 0 0 0 0 0 0 0 0 0 0 0 0 0 0 0 0 0 0 0 0 31 
0 0 0 0 0 0 0 0 0 0 0 0 0 0 0 0 0 0 0 0 0 0 0 0 0 0 0 0 0 0 0 0 0 0 0 0 0 0 0 0 0 0 0 0 0 0 0 0 0 0 0 0 0 0 0 0 0 0 0 0 0 0 0 0 0 0 0 0 0 0 0 0 0 0 0 0 86 0 18 8 
0 0 0 0 0 0 0 0 0 0 0 0 0 0 0 0 0 0 0 0 0 0 0 0 0 0 0 0 0 0 0 0 0 0 0 0 0 0 0 0 0 0 0 0 0 0 0 0 0 0 0 0 0 0 0 0 0 0 0 0 0 0 0 0 0 0 0 0 0 0 0 0 0 0 0 0 0 0 18 38 
0 0 0 0 0 0 0 0 0 0 0 0 0 0 0 0 0 0 0 0 0 0 0 0 0 0 0 0 0 0 0 0 0 0 0 0 0 0 0 0 0 0 0 0 0 0 0 0 0 0 0 0 0 0 0 0 0 0 0 0 0 0 0 0 0 0 0 0 0 0 0 0 0 0 0 0 0 0 41 62 
0 0 0 0 0 0 0 0 0 0 0 0 0 0 0 0 0 0 0 0 0 0 0 0 0 0 0 0 0 0 0 0 0 0 0 0 0 0 0 0 0 0 0 0 0 0 0 0 0 0 0 0 0 0 0 0 0 0 0 0 0 0 0 0 0 0 0 0 0 0 0 0 0 0 0 0 0 0 0 74 
0 0 0 0 0 0 0 0 0 0 0 0 0 0 0 0 0 0 0 0 0 0 0 0 0 0 0 0 0 0 0 0 0 0 0 0 0 0 0 0 0 0 0 0 0 0 0 0 0 0 0 0 0 0 0 0 0 0 0 0 0 0 0 0 0 0 0 0 0 0 0 0 0 0 0 0 0 0 0 0 
