60 
0 22 99 96 6 6 38 19 54 18 34 11 82 53 91 94 75 81 89 100 25 62 25 34 12 2 13 48 54 75 51 35 72 94 52 97 38 85 73 70 59 6 40 14 35 97 22 46 31 81 42 44 16 29 4 64 64 100 55 35 
22 0 48 32 3 28 80 98 89 81 91 94 45 21 63 43 66 18 50 68 38 44 2 42 75 59 74 3 15 76 29 88 45 72 17 91 5 40 62 53 14 97 4 97 27 28 14 4 9 80 67 73 82 94 45 94 90 5 35 99 
99 48 0 93 94 54 17 14 65 96 10 92 79 54 55 10 41 63 67 44 11 8 41 39 64 23 40 93 34 35 9 11 8 34 19 88 46 3 41 85 36 92 88 78 46 51 45 2 100 80 19 59 84 60 34 8 47 65 66 51 
96 32 93 0 83 81 32 63 9 26 76 95 68 10 10 21 87 87 96 28 91 47 95 55 22 47 73 35 77 64 43 40 12 18 89 40 98 46 81 53 91 17 32 85 27 20 89 29 34 17 94 69 34 55 46 1 86 77 5 44 
6 3 94 83 0 63 52 99 51 8 98 62 19 68 16 35 88 21 77 74 59 44 66 14 92 2 100 77 21 94 6 72 9 14 34 36 74 55 32 41 19 26 32 90 95 49 63 60 68 7 95 43 31 79 47 65 100 62 42 71 
6 28 54 81 63 0 60 13 97 63 1 74 10 80 91 20 28 66 76 93 100 38 1 12 58 68 68 54 77 4 73 53 67 78 92 32 14 97 15 9 96 7 82 6 45 91 22 10 12 45 34 25 27 100 24 50 26 44 87 22 
38 80 17 32 52 60 0 9 48 54 64 14 82 24 21 16 48 56 80 63 39 4 92 47 41 80 59 6 7 89 32 41 26 45 72 11 58 27 5 16 70 18 77 98 96 21 38 11 73 89 33 29 73 100 8 55 10 12 51 70 
19 98 14 63 99 13 9 0 11 87 25 93 74 59 25 56 26 86 17 2 70 64 93 60 89 21 95 18 81 40 97 43 75 100 71 78 62 9 57 70 21 73 35 28 48 25 82 62 46 15 11 55 68 76 7 43 62 17 42 36 
54 89 65 9 51 97 48 11 0 8 65 90 67 71 44 28 94 80 29 62 75 65 21 88 30 32 90 69 95 69 38 65 93 33 26 5 72 93 62 77 50 55 63 56 62 44 28 87 12 98 98 22 23 68 90 79 1 15 98 27 
18 81 96 26 8 63 54 87 8 0 85 67 29 94 11 94 95 20 86 50 35 13 69 16 2 25 22 2 26 3 54 46 72 25 25 51 71 23 32 29 66 8 21 17 15 55 21 81 87 19 95 43 7 34 34 3 91 85 65 57 
34 91 10 76 98 1 64 25 65 85 0 99 65 45 54 90 88 63 78 39 39 61 91 24 23 77 94 28 71 87 27 11 2 98 32 95 13 63 97 72 31 3 89 34 33 67 41 34 37 63 53 31 65 28 76 39 28 15 77 86 
11 94 92 95 62 74 14 93 90 67 99 0 74 12 3 99 20 84 53 60 66 18 46 22 57 86 97 97 100 69 14 59 27 32 87 91 50 39 71 25 18 45 2 21 15 2 98 95 92 79 3 97 72 73 38 17 92 49 18 52 
82 45 79 68 19 10 82 74 67 29 65 74 0 98 3 66 81 30 97 33 64 97 43 86 63 21 49 100 94 9 51 57 16 43 28 88 92 70 82 98 86 36 96 97 78 3 44 49 19 69 16 65 57 31 2 95 97 14 70 32 
53 21 54 10 68 80 24 59 71 94 45 12 98 0 67 48 99 14 30 20 92 55 80 42 58 52 79 56 36 35 6 77 28 76 11 5 94 26 36 100 80 82 43 39 30 94 66 75 64 37 65 42 88 49 66 33 84 98 3 88 
91 63 55 10 16 91 21 25 44 11 54 3 3 67 0 53 41 33 29 23 95 93 63 91 78 57 36 66 11 33 6 51 48 45 13 33 46 17 13 14 12 1 2 32 17 9 72 68 72 29 26 68 99 39 63 88 65 47 67 89 
94 43 10 21 35 20 16 56 28 94 90 99 66 48 53 0 10 3 65 79 64 49 91 3 87 45 47 99 99 17 7 90 84 24 75 66 33 8 33 59 66 63 73 95 26 52 77 91 24 65 70 63 64 72 71 66 58 18 80 38 
75 66 41 87 88 28 48 26 94 95 88 20 81 99 41 10 0 71 92 51 81 86 75 100 66 17 57 74 62 14 100 87 50 24 88 93 59 55 27 28 51 33 74 89 9 24 37 97 72 93 25 58 87 14 93 67 64 100 48 86 
81 18 63 87 21 66 56 86 80 20 63 84 30 14 33 3 71 0 25 98 30 26 81 28 18 71 39 79 27 13 22 93 33 90 34 64 6 11 42 16 43 57 48 77 75 8 40 90 98 99 50 37 28 67 25 70 74 14 98 86 
89 50 67 96 77 76 80 17 29 86 78 53 97 30 29 65 92 25 0 75 57 96 29 42 20 31 61 58 97 46 90 13 96 54 1 86 74 49 61 91 57 8 81 69 61 26 9 98 48 21 16 36 34 21 98 47 28 88 93 37 
100 68 44 28 74 93 63 2 62 50 39 60 33 20 23 79 51 98 75 0 47 96 62 9 13 29 5 5 99 91 48 29 56 79 4 89 33 57 61 14 57 70 81 31 26 85 62 75 79 13 79 45 83 96 16 34 59 62 15 61 
25 38 11 91 59 100 39 70 75 35 39 66 64 92 95 64 81 30 57 47 0 16 11 41 37 85 35 32 71 77 97 90 65 58 23 22 73 56 22 55 1 59 70 87 41 55 82 98 4 4 45 83 98 9 80 36 34 99 34 68 
62 44 8 47 44 38 4 64 65 13 61 18 97 55 93 49 86 26 96 96 16 0 26 44 44 82 54 11 72 61 75 78 5 41 50 45 75 49 25 31 23 34 89 42 64 87 64 89 65 96 7 95 77 34 78 39 40 15 54 2 
25 2 41 95 66 1 92 93 21 69 91 46 43 80 63 91 75 81 29 62 11 26 0 25 13 94 10 99 55 92 87 36 100 97 79 60 89 84 17 36 53 77 44 23 88 90 55 32 19 35 22 93 98 54 72 26 12 31 13 11 
34 42 39 55 14 12 47 60 88 16 24 22 86 42 91 3 100 28 42 9 41 44 25 0 58 60 54 99 5 67 16 37 66 19 78 86 57 21 39 54 34 4 64 64 92 18 24 84 59 80 29 59 98 57 80 18 38 72 44 66 
12 75 64 22 92 58 41 89 30 2 23 57 63 58 78 87 66 18 20 13 37 44 13 58 0 98 73 53 28 5 100 89 36 8 40 25 71 18 15 82 96 35 39 46 56 56 65 48 33 66 94 98 88 56 18 61 3 11 80 55 
2 59 23 47 2 68 80 21 32 25 77 86 21 52 57 45 17 71 31 29 85 82 94 60 98 0 66 45 75 53 47 10 46 38 100 76 75 64 27 52 16 11 59 91 62 71 96 18 61 63 90 64 22 47 54 26 84 82 18 28 
13 74 40 73 100 68 59 95 90 22 94 97 49 79 36 47 57 39 61 5 35 54 10 54 73 66 0 44 61 23 42 16 58 78 27 40 96 81 38 28 75 18 100 95 79 76 56 68 49 18 69 39 12 78 51 77 34 82 1 33 
48 3 93 35 77 54 6 18 69 2 28 97 100 56 66 99 74 79 58 5 32 11 99 99 53 45 44 0 30 65 73 12 30 23 31 98 96 65 33 22 47 12 69 39 65 47 86 77 51 88 69 34 34 12 98 1 52 30 55 93 
54 15 34 77 21 77 7 81 95 26 71 100 94 36 11 99 62 27 97 99 71 72 55 5 28 75 61 30 0 73 65 39 72 53 39 46 9 23 76 16 34 32 5 8 70 31 72 82 10 30 63 59 5 2 5 26 64 70 56 30 
75 76 35 64 94 4 89 40 69 3 87 69 9 35 33 17 14 13 46 91 77 61 92 67 5 53 23 65 73 0 42 6 59 83 11 14 32 79 42 78 87 84 95 53 34 45 2 55 50 9 2 97 15 9 43 47 33 70 35 59 
51 29 9 43 6 73 32 97 38 54 27 14 51 6 6 7 100 22 90 48 97 75 87 16 100 47 42 73 65 42 0 42 15 99 26 25 47 31 11 90 39 86 72 58 74 34 87 64 30 87 9 32 100 78 1 99 45 39 47 70 
35 88 11 40 72 53 41 43 65 46 11 59 57 77 51 90 87 93 13 29 90 78 36 37 89 10 16 12 39 6 42 0 11 21 88 49 19 68 36 74 52 44 44 33 30 73 60 55 28 87 28 58 88 25 59 18 11 78 42 16 
72 45 8 12 9 67 26 75 93 72 2 27 16 28 48 84 50 33 96 56 65 5 100 66 36 46 58 30 72 59 15 11 0 1 87 68 60 83 80 37 83 92 35 23 77 46 21 72 23 19 82 65 62 65 28 21 5 58 53 81 
94 72 34 18 14 78 45 100 33 25 98 32 43 76 45 24 24 90 54 79 58 41 97 19 8 38 78 23 53 83 99 21 1 0 77 16 94 88 34 50 71 26 53 29 83 95 16 75 3 62 43 87 92 29 78 70 85 79 64 48 
52 17 19 89 34 92 72 71 26 25 32 87 28 11 13 75 88 34 1 4 23 50 79 78 40 100 27 31 39 11 26 88 87 77 0 62 82 79 66 2 10 37 23 78 21 19 81 77 31 61 23 40 46 81 48 43 32 78 51 18 
97 91 88 40 36 32 11 78 5 51 95 91 88 5 33 66 93 64 86 89 22 45 60 86 25 76 40 98 46 14 25 49 68 16 62 0 91 86 59 4 58 28 80 8 51 91 82 11 50 64 30 49 17 94 63 13 69 87 74 71 
38 5 46 98 74 14 58 62 72 71 13 50 92 94 46 33 59 6 74 33 73 75 89 57 71 75 96 96 9 32 47 19 60 94 82 91 0 23 72 72 93 29 63 44 55 87 18 93 72 63 20 77 30 32 43 56 6 46 85 80 
85 40 3 46 55 97 27 9 93 23 63 39 70 26 17 8 55 11 49 57 56 49 84 21 18 64 81 65 23 79 31 68 83 88 79 86 23 0 14 86 46 16 84 87 49 91 70 23 10 85 26 41 39 33 11 24 28 67 31 91 
73 62 41 81 32 15 5 57 62 32 97 71 82 36 13 33 27 42 61 61 22 25 17 39 15 27 38 33 76 42 11 36 80 34 66 59 72 14 0 36 33 50 49 89 23 32 32 13 2 92 76 42 78 34 26 27 11 12 46 6 
70 53 85 53 41 9 16 70 77 29 72 25 98 100 14 59 28 16 91 14 55 31 36 54 82 52 28 22 16 78 90 74 37 50 2 4 72 86 36 0 4 31 12 25 52 20 43 5 21 20 14 96 11 75 39 59 22 20 36 25 
59 14 36 91 19 96 70 21 50 66 31 18 86 80 12 66 51 43 57 57 1 23 53 34 96 16 75 47 34 87 39 52 83 71 10 58 93 46 33 4 0 36 12 53 86 4 28 30 84 94 99 36 63 77 88 52 32 35 5 17 
6 97 92 17 26 7 18 73 55 8 3 45 36 82 1 63 33 57 8 70 59 34 77 4 35 11 18 12 32 84 86 44 92 26 37 28 29 16 50 31 36 0 22 73 95 95 84 18 36 75 21 83 74 93 94 4 14 21 69 39 
40 4 88 32 32 82 77 35 63 21 89 2 96 43 2 73 74 48 81 81 70 89 44 64 39 59 100 69 5 95 72 44 35 53 23 80 63 84 49 12 12 22 0 98 75 66 26 13 99 36 70 66 11 46 57 71 34 69 84 100 
14 97 78 85 90 6 98 28 56 17 34 21 97 39 32 95 89 77 69 31 87 42 23 64 46 91 95 39 8 53 58 33 23 29 78 8 44 87 89 25 53 73 98 0 6 54 7 85 49 25 48 57 24 23 79 83 90 79 25 90 
35 27 46 27 95 45 96 48 62 15 33 15 78 30 17 26 9 75 61 26 41 64 88 92 56 62 79 65 70 34 74 30 77 83 21 51 55 49 23 52 86 95 75 6 0 14 24 34 67 40 100 27 79 47 86 84 64 48 76 75 
97 28 51 20 49 91 21 25 44 55 67 2 3 94 9 52 24 8 26 85 55 87 90 18 56 71 76 47 31 45 34 73 46 95 19 91 87 91 32 20 4 95 66 54 14 0 11 20 87 2 30 44 47 87 4 40 28 21 19 7 
22 14 45 89 63 22 38 82 28 21 41 98 44 66 72 77 37 40 9 62 82 64 55 24 65 96 56 86 72 2 87 60 21 16 81 82 18 70 32 43 28 84 26 7 24 11 0 65 79 96 93 89 1 48 42 76 44 52 15 87 
46 4 2 29 60 10 11 62 87 81 34 95 49 75 68 91 97 90 98 75 98 89 32 84 48 18 68 77 82 55 64 55 72 75 77 11 93 23 13 5 30 18 13 85 34 20 65 0 82 89 3 84 48 63 25 88 26 51 44 4 
31 9 100 34 68 12 73 46 12 87 37 92 19 64 72 24 72 98 48 79 4 65 19 59 33 61 49 51 10 50 30 28 23 3 31 50 72 10 2 21 84 36 99 49 67 87 79 82 0 3 45 11 69 40 100 64 32 24 29 54 
81 80 80 17 7 45 89 15 98 19 63 79 69 37 29 65 93 99 21 13 4 96 35 80 66 63 18 88 30 9 87 87 19 62 61 64 63 85 92 20 94 75 36 25 40 2 96 89 3 0 53 30 10 100 68 78 36 73 30 85 
42 67 19 94 95 34 33 11 98 95 53 3 16 65 26 70 25 50 16 79 45 7 22 29 94 90 69 69 63 2 9 28 82 43 23 30 20 26 76 14 99 21 70 48 100 30 93 3 45 53 0 78 38 33 52 86 23 4 53 74 
44 73 59 69 43 25 29 55 22 43 31 97 65 42 68 63 58 37 36 45 83 95 93 59 98 64 39 34 59 97 32 58 65 87 40 49 77 41 42 96 36 83 66 57 27 44 89 84 11 30 78 0 56 18 45 26 39 77 99 46 
16 82 84 34 31 27 73 68 23 7 65 72 57 88 99 64 87 28 34 83 98 77 98 98 88 22 12 34 5 15 100 88 62 92 46 17 30 39 78 11 63 74 11 24 79 47 1 48 69 10 38 56 0 38 14 70 13 39 20 48 
29 94 60 55 79 100 100 76 68 34 28 73 31 49 39 72 14 67 21 96 9 34 54 57 56 47 78 12 2 9 78 25 65 29 81 94 32 33 34 75 77 93 46 23 47 87 48 63 40 100 33 18 38 0 40 3 5 42 6 57 
4 45 34 46 47 24 8 7 90 34 76 38 2 66 63 71 93 25 98 16 80 78 72 80 18 54 51 98 5 43 1 59 28 78 48 63 43 11 26 39 88 94 57 79 86 4 42 25 100 68 52 45 14 40 0 33 93 38 100 70 
64 94 8 1 65 50 55 43 79 3 39 17 95 33 88 66 67 70 47 34 36 39 26 18 61 26 77 1 26 47 99 18 21 70 43 13 56 24 27 59 52 4 71 83 84 40 76 88 64 78 86 26 70 3 33 0 61 72 47 67 
64 90 47 86 100 26 10 62 1 91 28 92 97 84 65 58 64 74 28 59 34 40 12 38 3 84 34 52 64 33 45 11 5 85 32 69 6 28 11 22 32 14 34 90 64 28 44 26 32 36 23 39 13 5 93 61 0 6 68 33 
100 5 65 77 62 44 12 17 15 85 15 49 14 98 47 18 100 14 88 62 99 15 31 72 11 82 82 30 70 70 39 78 58 79 78 87 46 67 12 20 35 21 69 79 48 21 52 51 24 73 4 77 39 42 38 72 6 0 35 85 
55 35 66 5 42 87 51 42 98 65 77 18 70 3 67 80 48 98 93 15 34 54 13 44 80 18 1 55 56 35 47 42 53 64 51 74 85 31 46 36 5 69 84 25 76 19 15 44 29 30 53 99 20 6 100 47 68 35 0 66 
35 99 51 44 71 22 70 36 27 57 86 52 32 88 89 38 86 86 37 61 68 2 11 66 55 28 33 93 30 59 70 16 81 48 18 71 80 91 6 25 17 39 100 90 75 7 87 4 54 85 74 46 48 57 70 67 33 85 66 0 
0 18 26 55 74 4 27 3 30 13 81 46 25 54 53 94 53 30 67 65 37 25 5 4 2 2 64 55 32 22 45 80 73 73 9 0 56 30 57 44 0 58 6 46 100 62 78 94 25 91 98 86 12 81 47 21 68 82 25 0 
0 0 69 87 26 39 0 16 36 49 6 7 1 29 35 90 55 96 52 15 84 97 61 88 9 2 46 88 0 90 83 54 96 49 20 82 37 66 20 80 0 29 63 71 81 24 19 60 53 87 47 100 6 90 83 82 0 76 0 0 
0 0 0 75 80 0 0 39 7 80 29 18 0 52 50 0 60 11 0 76 92 64 4 87 30 0 0 6 3 0 88 0 36 63 98 98 100 91 0 100 0 0 0 0 36 0 58 87 95 0 93 6 0 0 0 74 0 39 0 0 
0 0 0 0 43 0 0 7 90 0 84 0 0 36 39 0 69 69 0 16 0 0 61 0 100 0 0 75 47 0 32 0 85 64 72 6 71 26 0 64 0 0 0 94 39 0 2 88 38 0 29 100 0 0 0 77 0 0 0 0 
0 0 0 0 0 0 0 68 62 0 10 0 0 39 60 0 63 14 0 20 0 0 85 0 75 0 0 75 0 0 34 0 92 11 11 12 49 64 0 0 0 0 0 0 100 0 12 80 50 0 67 72 0 0 0 69 0 0 0 0 
0 0 0 0 0 0 0 30 41 95 95 57 0 64 26 0 68 74 79 85 73 26 83 81 97 0 94 3 61 0 82 0 76 10 15 38 39 2 0 28 0 25 51 75 95 0 43 33 4 0 77 92 95 100 69 30 0 32 0 0 
0 0 0 0 0 0 0 65 59 93 53 30 38 28 43 9 38 33 70 25 68 31 51 84 96 92 4 64 53 71 16 36 11 12 66 8 34 97 27 56 0 12 28 40 91 99 12 31 65 74 94 35 20 68 8 28 0 74 35 0 
0 0 0 0 0 0 0 0 68 0 73 0 0 37 44 0 11 19 0 24 0 0 0 0 44 0 0 24 0 0 0 0 85 90 39 0 0 61 0 84 0 0 0 49 83 0 29 17 0 0 67 55 0 0 0 64 0 0 0 0 
0 0 0 0 0 0 0 0 0 0 83 0 0 100 0 0 0 0 0 0 0 0 0 0 50 0 0 0 0 0 0 0 0 0 0 0 0 0 0 27 0 0 0 96 0 0 78 80 0 0 0 0 0 0 0 5 0 0 0 0 
0 0 0 0 0 0 0 0 0 0 86 0 0 51 5 0 63 64 0 67 0 0 69 29 78 0 0 40 90 0 50 0 50 85 67 47 89 1 0 43 0 0 0 89 95 0 68 17 69 0 56 68 0 0 0 18 0 12 0 0 
0 0 0 0 0 0 0 0 0 0 0 0 0 0 0 0 0 0 0 0 0 0 0 0 23 0 0 0 0 0 0 0 0 0 0 0 0 0 0 90 0 0 0 0 0 0 0 27 0 0 0 0 0 0 0 82 0 0 0 0 
0 0 0 0 0 0 0 0 0 0 0 0 0 7 21 0 1 31 0 59 0 34 59 31 51 0 0 23 68 0 39 0 21 51 19 55 17 7 0 13 0 0 0 19 14 0 38 95 48 0 63 35 0 0 0 17 0 3 0 0 
0 0 0 0 0 0 0 0 0 0 0 0 0 93 63 18 90 98 40 34 42 75 82 83 97 64 5 13 60 2 26 79 55 13 53 49 65 24 3 6 0 73 68 79 97 90 62 91 37 68 15 64 85 7 62 90 0 91 0 0 
0 0 0 0 0 0 0 0 0 0 0 0 0 0 0 0 0 0 0 0 0 0 0 0 80 0 0 0 0 0 0 0 0 0 0 0 0 0 0 7 0 0 0 34 0 0 44 69 0 0 0 0 0 0 0 75 0 0 0 0 
0 0 0 0 0 0 0 0 0 0 0 0 0 0 0 0 35 0 0 0 0 0 0 0 91 0 0 0 0 0 0 0 69 0 0 0 0 40 0 28 0 0 0 69 46 0 1 63 0 0 35 0 0 0 0 95 0 0 0 0 
0 0 0 0 0 0 0 0 0 0 0 0 0 0 0 0 19 46 14 62 10 7 17 50 57 81 5 19 26 50 12 2 44 96 27 16 84 53 29 7 0 12 20 41 21 82 64 60 52 10 28 39 24 32 57 19 0 96 0 0 
0 0 0 0 0 0 0 0 0 0 0 0 0 0 0 0 0 0 0 0 0 0 0 0 47 0 0 0 0 0 0 0 58 0 0 0 0 47 0 51 0 0 0 83 11 0 25 34 0 0 0 0 0 0 0 82 0 0 0 0 
0 0 0 0 0 0 0 0 0 0 0 0 0 0 0 0 0 0 0 0 0 0 0 0 45 0 0 0 0 0 0 0 22 56 0 0 0 16 0 51 0 0 0 19 100 0 86 50 0 0 11 0 0 0 0 75 0 0 0 0 
0 0 0 0 0 0 0 0 0 0 0 0 0 0 0 0 0 0 0 29 66 75 22 6 93 0 0 35 0 0 86 0 21 87 18 50 82 67 0 30 0 0 91 61 17 0 98 83 24 0 48 64 0 0 86 24 0 6 0 0 
0 0 0 0 0 0 0 0 0 0 0 0 0 0 0 0 0 0 0 0 0 0 0 0 64 0 0 66 0 0 0 0 53 46 65 0 0 41 0 3 0 0 0 29 32 0 48 8 0 0 38 18 0 0 0 30 0 0 0 0 
0 0 0 0 0 0 0 0 0 0 0 0 0 0 0 0 0 0 0 0 0 75 35 96 68 0 0 60 93 0 97 0 9 79 5 88 64 36 0 66 0 0 0 50 60 0 29 90 1 0 57 70 0 0 0 67 0 63 0 0 
0 0 0 0 0 0 0 0 0 0 0 0 0 0 0 0 0 0 0 0 0 0 67 79 88 0 0 99 56 0 33 0 51 45 43 9 40 84 0 7 0 0 0 55 23 0 48 25 94 0 72 4 0 0 0 63 0 26 0 0 
0 0 0 0 0 0 0 0 0 0 0 0 0 0 0 0 0 0 0 0 0 0 0 0 3 0 0 85 0 0 12 0 55 5 47 0 82 36 0 23 0 0 0 22 100 0 11 67 89 0 26 72 0 0 0 23 0 0 0 0 
0 0 0 0 0 0 0 0 0 0 0 0 0 0 0 0 0 0 0 0 0 0 0 0 98 0 0 6 32 0 58 0 9 34 67 33 53 48 0 66 0 0 0 62 8 0 90 66 33 0 97 5 0 0 0 48 0 0 0 0 
0 0 0 0 0 0 0 0 0 0 0 0 0 0 0 0 0 0 0 0 0 0 0 0 0 0 0 0 0 0 0 0 0 0 0 0 0 0 0 83 0 0 0 0 0 0 0 6 0 0 0 0 0 0 0 96 0 0 0 0 
0 0 0 0 0 0 0 0 0 0 0 0 0 0 0 0 0 0 0 0 0 0 0 0 0 0 20 81 18 57 19 0 52 5 56 81 95 94 0 79 0 25 4 49 7 0 85 87 1 89 86 2 68 71 74 69 0 57 0 0 
0 0 0 0 0 0 0 0 0 0 0 0 0 0 0 0 0 0 0 0 0 0 0 0 0 0 0 3 22 0 29 0 82 16 2 39 24 84 0 60 0 0 59 85 41 0 58 90 83 0 36 37 0 0 4 13 0 53 0 0 
0 0 0 0 0 0 0 0 0 0 0 0 0 0 0 0 0 0 0 0 0 0 0 0 0 0 0 0 0 0 0 0 27 54 0 0 0 65 0 89 0 0 0 14 61 0 24 32 0 0 13 0 0 0 0 95 0 0 0 0 
0 0 0 0 0 0 0 0 0 0 0 0 0 0 0 0 0 0 0 0 0 0 0 0 0 0 0 0 0 0 44 0 81 7 43 29 85 93 0 74 0 0 0 64 9 0 71 73 85 0 27 13 0 0 0 66 0 0 0 0 
0 0 0 0 0 0 0 0 0 0 0 0 0 0 0 0 0 0 0 0 0 0 0 0 0 0 0 0 0 0 76 0 71 22 55 79 8 24 0 23 0 20 4 82 41 0 76 65 37 81 89 75 69 91 54 44 0 15 0 0 
0 0 0 0 0 0 0 0 0 0 0 0 0 0 0 0 0 0 0 0 0 0 0 0 0 0 0 0 0 0 0 0 37 72 71 0 25 93 0 32 0 0 0 34 78 0 82 27 1 0 46 84 0 0 0 71 0 0 0 0 
0 0 0 0 0 0 0 0 0 0 0 0 0 0 0 0 0 0 0 0 0 0 0 0 0 0 0 0 0 0 0 0 87 72 24 78 60 7 28 48 0 3 25 11 32 0 54 71 75 21 75 32 43 44 29 27 0 62 0 0 
0 0 0 0 0 0 0 0 0 0 0 0 0 0 0 0 0 0 0 0 0 0 0 0 0 0 0 0 0 0 0 0 0 0 0 0 0 0 0 32 0 0 0 70 22 0 89 76 0 0 0 0 0 0 0 24 0 0 0 0 
0 0 0 0 0 0 0 0 0 0 0 0 0 0 0 0 0 0 0 0 0 0 0 0 0 0 0 0 0 0 0 0 0 0 0 0 0 72 0 9 0 0 0 34 23 0 34 57 0 0 0 0 0 0 0 94 0 0 0 0 
0 0 0 0 0 0 0 0 0 0 0 0 0 0 0 0 0 0 0 0 0 0 0 0 0 0 0 0 0 0 0 0 0 0 0 0 0 15 0 27 0 0 0 78 27 0 93 33 0 0 78 94 0 0 0 45 0 0 0 0 
0 0 0 0 0 0 0 0 0 0 0 0 0 0 0 0 0 0 0 0 0 0 0 0 0 0 0 0 0 0 0 0 0 0 0 0 17 40 0 25 0 0 0 92 16 0 78 10 30 0 59 4 0 0 0 12 0 0 0 0 
0 0 0 0 0 0 0 0 0 0 0 0 0 0 0 0 0 0 0 0 0 0 0 0 0 0 0 0 0 0 0 0 0 0 0 0 0 65 0 86 0 0 0 88 98 0 11 7 0 0 8 26 0 0 0 84 0 0 0 0 
0 0 0 0 0 0 0 0 0 0 0 0 0 0 0 0 0 0 0 0 0 0 0 0 0 0 0 0 0 0 0 0 0 0 0 0 0 0 0 82 0 0 0 63 68 0 62 7 0 0 0 0 0 0 0 45 0 0 0 0 
0 0 0 0 0 0 0 0 0 0 0 0 0 0 0 0 0 0 0 0 0 0 0 0 0 0 0 0 0 0 0 0 0 0 0 0 0 0 0 9 0 92 19 91 72 0 74 9 98 59 68 1 7 61 27 76 0 26 0 0 
0 0 0 0 0 0 0 0 0 0 0 0 0 0 0 0 0 0 0 0 0 0 0 0 0 0 0 0 0 0 0 0 0 0 0 0 0 0 0 0 0 0 0 0 0 0 0 69 0 0 0 0 0 0 0 81 0 0 0 0 
0 0 0 0 0 0 0 0 0 0 0 0 0 0 0 0 0 0 0 0 0 0 0 0 0 0 0 0 0 0 0 0 0 0 0 0 0 0 0 0 0 100 25 81 37 20 75 2 0 34 67 9 42 28 32 75 50 45 54 0 
0 0 0 0 0 0 0 0 0 0 0 0 0 0 0 0 0 0 0 0 0 0 0 0 0 0 0 0 0 0 0 0 0 0 0 0 0 0 0 0 0 0 80 51 73 0 13 84 18 0 82 7 43 97 96 75 0 93 0 0 
0 0 0 0 0 0 0 0 0 0 0 0 0 0 0 0 0 0 0 0 0 0 0 0 0 0 0 0 0 0 0 0 0 0 0 0 0 0 0 0 0 0 0 34 17 0 84 72 83 0 36 27 0 0 21 55 0 93 0 0 
0 0 0 0 0 0 0 0 0 0 0 0 0 0 0 0 0 0 0 0 0 0 0 0 0 0 0 0 0 0 0 0 0 0 0 0 0 0 0 0 0 0 0 0 0 0 0 20 0 0 0 0 0 0 0 12 0 0 0 0 
0 0 0 0 0 0 0 0 0 0 0 0 0 0 0 0 0 0 0 0 0 0 0 0 0 0 0 0 0 0 0 0 0 0 0 0 0 0 0 0 0 0 0 0 0 0 24 55 0 0 0 0 0 0 0 7 0 0 0 0 
0 0 0 0 0 0 0 0 0 0 0 0 0 0 0 0 0 0 0 0 0 0 0 0 0 0 0 0 0 0 0 0 0 0 0 0 0 0 0 0 0 0 0 0 0 0 42 89 6 19 3 97 40 99 66 88 0 85 0 0 
0 0 0 0 0 0 0 0 0 0 0 0 0 0 0 0 0 0 0 0 0 0 0 0 0 0 0 0 0 0 0 0 0 0 0 0 0 0 0 0 0 0 0 0 0 0 0 53 0 0 0 0 0 0 0 45 0 0 0 0 
0 0 0 0 0 0 0 0 0 0 0 0 0 0 0 0 0 0 0 0 0 0 0 0 0 0 0 0 0 0 0 0 0 0 0 0 0 0 0 0 0 0 0 0 0 0 0 0 0 0 0 0 0 0 0 74 0 0 0 0 
0 0 0 0 0 0 0 0 0 0 0 0 0 0 0 0 0 0 0 0 0 0 0 0 0 0 0 0 0 0 0 0 0 0 0 0 0 0 0 0 0 0 0 0 0 0 0 0 0 0 74 77 0 0 0 41 0 0 0 0 
0 0 0 0 0 0 0 0 0 0 0 0 0 0 0 0 0 0 0 0 0 0 0 0 0 0 0 0 0 0 0 0 0 0 0 0 0 0 0 0 0 0 0 0 0 0 0 0 0 0 21 51 92 52 54 88 0 77 0 0 
0 0 0 0 0 0 0 0 0 0 0 0 0 0 0 0 0 0 0 0 0 0 0 0 0 0 0 0 0 0 0 0 0 0 0 0 0 0 0 0 0 0 0 0 0 0 0 0 0 0 0 0 0 0 0 70 0 0 0 0 
0 0 0 0 0 0 0 0 0 0 0 0 0 0 0 0 0 0 0 0 0 0 0 0 0 0 0 0 0 0 0 0 0 0 0 0 0 0 0 0 0 0 0 0 0 0 0 0 0 0 0 0 0 0 0 62 0 0 0 0 
0 0 0 0 0 0 0 0 0 0 0 0 0 0 0 0 0 0 0 0 0 0 0 0 0 0 0 0 0 0 0 0 0 0 0 0 0 0 0 0 0 0 0 0 0 0 0 0 0 0 0 0 0 29 29 91 0 44 0 0 
0 0 0 0 0 0 0 0 0 0 0 0 0 0 0 0 0 0 0 0 0 0 0 0 0 0 0 0 0 0 0 0 0 0 0 0 0 0 0 0 0 0 0 0 0 0 0 0 0 0 0 0 0 0 26 28 0 56 0 0 
0 0 0 0 0 0 0 0 0 0 0 0 0 0 0 0 0 0 0 0 0 0 0 0 0 0 0 0 0 0 0 0 0 0 0 0 0 0 0 0 0 0 0 0 0 0 0 0 0 0 0 0 0 0 0 33 0 73 0 0 
0 0 0 0 0 0 0 0 0 0 0 0 0 0 0 0 0 0 0 0 0 0 0 0 0 0 0 0 0 0 0 0 0 0 0 0 0 0 0 0 0 0 0 0 0 0 0 0 0 0 0 0 0 0 0 0 0 0 0 0 
0 0 0 0 0 0 0 0 0 0 0 0 0 0 0 0 0 0 0 0 0 0 0 0 0 0 0 0 0 0 0 0 0 0 0 0 0 0 0 0 0 0 0 0 0 0 0 0 0 0 0 0 0 0 0 0 0 95 57 0 
0 0 0 0 0 0 0 0 0 0 0 0 0 0 0 0 0 0 0 0 0 0 0 0 0 0 0 0 0 0 0 0 0 0 0 0 0 0 0 0 0 0 0 0 0 0 0 0 0 0 0 0 0 0 0 0 0 0 0 0 
0 0 0 0 0 0 0 0 0 0 0 0 0 0 0 0 0 0 0 0 0 0 0 0 0 0 0 0 0 0 0 0 0 0 0 0 0 0 0 0 0 0 0 0 0 0 0 0 0 0 0 0 0 0 0 0 0 0 0 0 
0 0 0 0 0 0 0 0 0 0 0 0 0 0 0 0 0 0 0 0 0 0 0 0 0 0 0 0 0 0 0 0 0 0 0 0 0 0 0 0 0 0 0 0 0 0 0 0 0 0 0 0 0 0 0 0 0 0 0 0 
