100 
0 93 18 60 17 42 23 41 79 66 87 76 74 99 19 90 100 4 71 21 81 26 28 51 34 73 19 57 91 90 36 83 55 26 21 80 18 67 12 21 87 87 78 48 24 28 80 20 54 46 89 48 94 87 75 47 90 35 59 73 84 51 9 31 20 28 39 38 79 92 38 45 66 69 56 4 99 60 4 35 57 15 79 52 60 89 14 63 29 23 70 51 76 38 8 51 61 79 27 16 
93 0 43 18 70 78 67 43 14 71 79 19 98 97 70 79 58 29 95 87 94 86 56 98 48 53 24 90 83 53 24 16 1 22 56 21 64 76 88 32 62 56 17 56 38 5 33 23 99 50 42 54 26 18 65 45 41 61 59 34 100 11 60 8 78 88 25 94 45 3 86 29 20 78 83 4 82 72 21 72 16 85 86 34 61 29 75 75 45 7 32 92 80 36 92 92 97 24 77 29 
18 43 0 94 86 52 50 16 95 99 79 29 53 22 29 4 45 33 30 78 20 59 26 32 74 63 70 50 100 70 25 30 82 63 67 54 53 65 26 3 53 74 5 78 90 57 98 69 9 14 28 16 21 58 49 33 7 47 42 19 11 5 75 94 69 39 95 42 56 45 90 35 64 34 2 6 17 67 28 3 93 23 43 76 54 30 34 3 26 20 20 30 91 89 38 94 45 60 23 48 
60 18 94 0 1 46 12 68 83 91 28 55 76 95 50 77 91 55 20 69 98 60 30 38 44 77 21 87 27 32 87 40 12 67 38 10 5 10 46 95 17 79 6 60 47 21 9 35 43 53 17 96 17 13 89 32 47 18 82 93 63 79 3 22 73 25 26 96 100 34 2 8 69 81 64 45 58 32 40 75 89 86 14 81 45 92 10 29 10 95 62 24 4 81 34 82 99 17 89 85 
17 70 86 1 0 33 2 95 65 52 34 18 39 26 6 72 36 3 40 26 56 4 38 88 67 26 66 70 84 71 67 13 21 4 24 88 47 33 24 17 78 47 10 60 26 48 79 1 99 59 13 47 4 21 93 55 39 99 15 8 43 12 70 61 77 83 3 64 2 64 31 7 31 50 47 83 19 94 18 22 76 61 54 27 94 36 42 88 88 51 39 67 18 20 70 95 5 87 43 83 
42 78 52 46 33 0 29 2 47 88 16 80 76 72 77 38 80 40 4 45 43 39 24 53 70 5 71 25 86 57 93 63 28 90 73 94 100 66 11 38 68 17 97 60 54 66 90 98 1 39 72 98 94 46 54 8 78 37 52 34 7 66 62 18 51 39 34 4 20 100 98 85 40 24 43 62 61 45 59 55 42 93 26 26 86 37 57 25 63 89 56 33 7 6 14 87 39 60 48 79 
23 67 50 12 2 29 0 48 74 63 33 85 48 66 22 81 84 47 63 90 72 53 43 39 48 36 87 89 25 72 88 7 59 10 68 21 91 47 90 67 40 49 16 14 43 9 51 5 100 15 97 99 1 73 51 13 85 78 18 24 3 64 10 33 21 83 19 15 76 94 85 90 85 39 49 86 88 63 79 6 13 29 93 91 35 6 13 9 79 23 95 59 90 12 30 15 51 18 6 56 
41 43 16 68 95 2 48 0 19 86 33 86 65 43 15 14 64 31 3 65 92 99 57 6 32 94 66 30 78 96 81 88 16 65 66 90 70 98 70 74 69 58 83 90 21 22 67 100 51 98 76 97 36 6 50 82 97 33 47 79 74 30 44 63 49 86 29 82 53 19 33 18 100 10 9 29 19 45 57 91 44 97 51 82 2 65 66 49 3 38 38 7 29 58 57 28 31 2 28 97 
79 14 95 83 65 47 74 19 0 19 74 14 98 66 84 62 59 79 49 43 74 82 89 7 71 21 35 21 95 32 88 36 9 45 80 18 42 68 55 62 7 90 20 94 2 28 51 77 6 41 45 77 26 74 58 52 44 67 25 94 99 88 54 92 100 37 8 6 83 68 63 70 59 63 94 41 24 3 72 73 63 100 9 32 76 98 68 60 16 18 78 27 55 29 31 29 60 52 34 90 
66 71 99 91 52 88 63 86 19 0 57 34 31 53 48 35 1 77 4 36 93 8 89 73 17 34 66 43 86 12 51 58 83 59 36 8 5 80 46 18 94 50 89 24 16 7 50 47 39 4 91 57 36 1 68 70 23 80 45 36 21 51 65 96 75 96 66 59 83 84 99 32 69 96 87 74 88 14 52 45 28 32 81 33 26 63 91 30 12 33 30 84 41 69 63 47 98 100 10 53 
87 79 79 28 34 16 33 33 74 57 0 9 39 62 98 62 47 96 85 45 33 68 12 54 61 99 79 98 26 81 51 89 56 55 61 88 15 20 57 60 13 34 99 74 29 65 62 5 48 14 30 75 70 48 50 63 96 89 95 44 2 47 78 13 5 45 50 100 78 79 10 32 79 93 91 79 64 68 29 21 62 59 73 61 57 55 61 75 23 66 76 12 2 32 83 61 27 73 4 31 
76 19 29 55 18 80 85 86 14 34 9 0 24 25 58 72 41 57 18 59 57 32 20 13 66 5 3 28 92 64 100 86 66 21 42 33 44 42 21 22 80 93 35 98 60 96 88 99 16 54 61 42 4 16 80 47 44 72 66 39 60 28 8 58 54 77 16 34 52 59 9 37 13 12 67 92 76 42 37 97 24 38 17 39 40 53 33 84 91 46 100 33 48 21 98 79 25 39 78 64 
74 98 53 76 39 76 48 65 98 31 39 24 0 91 43 15 39 28 67 31 13 60 36 9 86 71 90 63 33 89 88 95 2 29 60 19 77 45 63 99 63 6 56 89 77 55 65 28 27 72 46 78 3 70 31 64 61 23 29 10 25 85 74 23 94 69 85 34 84 37 3 5 48 1 87 42 6 91 11 16 41 28 79 97 7 63 15 34 54 99 60 61 96 14 65 85 3 39 32 34 
99 97 22 95 26 72 66 43 66 53 62 25 91 0 3 31 11 54 90 93 89 79 5 62 11 55 91 81 88 44 75 60 100 82 80 28 13 80 84 46 35 54 77 20 94 59 21 99 87 36 63 29 77 83 33 92 26 45 54 41 93 33 98 13 10 76 69 25 10 19 42 74 87 1 92 96 48 2 36 2 55 12 40 17 69 61 16 32 63 39 40 82 34 25 98 1 29 61 79 23 
19 70 29 50 6 77 22 15 84 48 98 58 43 3 0 58 55 73 1 10 38 49 7 60 12 89 15 46 9 39 26 12 37 44 53 70 88 76 4 80 91 92 1 58 81 21 63 78 45 25 57 14 22 4 22 96 27 45 43 3 100 69 82 25 79 75 91 73 7 34 43 71 68 54 94 10 29 41 53 89 82 85 74 6 84 75 54 50 11 15 69 6 18 44 31 83 11 57 80 66 
90 79 4 77 72 38 81 14 62 35 62 72 15 31 58 0 99 42 21 77 46 62 82 23 85 70 18 14 48 69 100 87 58 77 73 68 35 98 67 49 73 21 80 43 82 47 15 30 39 20 29 88 21 81 86 12 15 93 39 65 17 61 28 11 82 71 85 100 12 24 85 80 13 44 70 26 93 5 78 81 52 6 63 12 75 94 53 51 47 90 45 23 71 27 39 26 40 90 78 79 
100 58 45 91 36 80 84 64 59 1 47 41 39 11 55 99 0 9 55 83 73 78 86 87 68 71 64 30 41 70 81 22 65 79 100 24 34 92 56 66 4 19 35 16 85 17 75 32 97 55 20 57 59 49 5 39 16 89 59 11 70 15 41 37 35 90 35 25 68 4 7 95 92 100 77 46 7 38 90 25 82 34 27 22 54 74 90 98 95 31 70 7 77 76 98 9 76 69 23 87 
4 29 33 55 3 40 47 31 79 77 96 57 28 54 73 42 9 0 87 18 32 73 63 15 57 2 72 67 47 46 14 94 65 39 62 75 6 49 33 73 100 73 87 81 47 86 68 12 78 75 95 21 93 15 15 100 34 71 53 60 76 15 6 56 78 89 34 29 57 40 84 74 92 100 9 85 33 94 25 62 48 5 35 34 24 21 2 63 39 7 72 20 59 54 38 69 85 53 81 23 
71 95 30 20 40 4 63 3 49 4 85 18 67 90 1 21 55 87 0 44 87 92 24 64 7 31 52 8 14 66 24 91 46 10 23 42 19 94 91 2 2 22 49 32 71 21 44 47 34 20 39 26 95 69 8 21 87 8 75 51 25 66 7 56 76 54 55 97 37 87 54 82 72 91 45 91 14 28 73 33 11 28 89 32 92 75 97 20 9 82 7 61 34 55 47 86 97 67 19 54 
21 87 78 69 26 45 90 65 43 36 45 59 31 93 10 77 83 18 44 0 77 37 3 44 46 59 63 37 27 66 58 49 65 1 93 68 99 42 41 97 30 47 17 66 64 71 22 34 32 96 90 36 83 92 42 29 95 75 7 59 55 32 2 98 39 28 43 44 58 11 85 18 10 25 97 74 49 73 58 52 89 39 6 42 3 90 79 84 68 2 65 63 3 53 56 97 67 24 40 57 
81 94 20 98 56 43 72 92 74 93 33 57 13 89 38 46 73 32 87 77 0 49 39 2 80 9 33 6 55 63 59 91 60 100 33 56 85 94 23 50 63 15 84 58 75 51 72 96 47 72 27 74 29 54 77 58 75 36 50 46 62 64 95 71 96 22 71 38 52 72 81 87 24 14 32 21 63 5 19 3 18 6 44 72 74 5 99 93 46 17 34 46 94 92 30 96 62 77 82 44 
26 86 59 60 4 39 53 99 82 8 68 32 60 79 49 62 78 73 92 37 49 0 53 69 72 69 29 60 43 61 78 52 63 52 78 1 56 24 82 91 68 58 75 7 92 96 23 27 11 24 74 9 19 58 60 98 55 69 33 88 34 86 80 72 94 43 90 93 69 22 12 88 86 79 71 66 11 59 54 64 8 8 19 56 29 22 56 45 80 96 17 68 83 64 20 66 18 70 30 98 
28 56 26 30 38 24 43 57 89 89 12 20 36 5 7 82 86 63 24 3 39 53 0 72 85 48 67 54 33 92 79 65 21 68 93 94 94 33 97 25 56 55 41 71 99 33 45 71 25 91 76 13 28 98 69 70 16 9 59 44 4 92 9 27 47 22 93 51 47 53 97 64 63 97 4 51 58 88 11 99 52 84 72 58 30 18 68 32 79 97 47 65 59 71 41 88 13 59 93 81 
51 98 32 38 88 53 39 6 7 73 54 13 9 62 60 23 87 15 64 44 2 69 72 0 66 52 19 89 16 1 29 24 12 65 81 87 66 65 45 21 81 29 69 67 87 52 12 21 48 70 56 54 36 5 11 64 33 90 15 55 16 23 16 34 25 52 5 44 30 28 74 97 87 97 86 1 78 83 81 82 68 47 64 95 88 74 53 82 9 92 19 87 64 57 38 18 54 64 74 55 
34 48 74 44 67 70 48 32 71 17 61 66 86 11 12 85 68 57 7 46 80 72 85 66 0 30 38 86 75 100 86 71 81 58 35 13 66 88 91 52 85 28 69 67 28 96 27 93 70 25 21 37 39 14 30 70 2 86 51 51 36 95 69 55 33 61 57 35 5 54 67 63 9 22 59 67 100 99 16 1 87 33 69 6 51 21 13 4 89 33 14 25 43 10 48 54 7 36 18 90 
73 53 63 77 26 5 36 94 21 34 99 5 71 55 89 70 71 2 31 59 9 69 48 52 30 0 99 27 70 5 62 46 72 79 3 52 56 36 23 100 30 91 26 96 75 25 95 30 65 16 72 97 32 42 65 7 72 10 4 34 81 75 10 28 61 92 26 54 82 10 12 60 82 77 73 56 23 15 39 28 72 64 74 76 37 38 50 82 11 56 94 70 97 38 5 15 65 57 39 8 
19 24 70 21 66 71 87 66 35 66 79 3 90 91 15 18 64 72 52 63 33 29 67 19 38 99 0 3 26 73 10 66 84 22 26 10 80 48 8 99 65 33 91 32 45 80 28 99 7 59 17 65 63 12 40 16 49 85 1 10 56 1 8 87 47 6 94 94 47 24 2 2 97 20 17 81 12 43 90 72 77 58 29 33 66 88 52 91 53 51 10 72 39 9 64 39 13 65 75 95 
57 90 50 87 70 25 89 30 21 43 98 28 63 81 46 14 30 67 8 37 6 60 54 89 86 27 3 0 75 48 71 64 33 24 56 42 98 14 11 84 99 42 18 70 71 82 80 79 22 16 67 25 57 86 16 56 26 21 13 63 86 30 75 18 39 25 20 81 60 98 24 6 44 66 13 97 79 18 93 13 40 74 33 42 52 32 17 90 33 1 21 60 25 72 28 77 74 96 34 77 
91 83 100 27 84 86 25 78 95 86 26 92 33 88 9 48 41 47 14 27 55 43 33 16 75 70 26 75 0 75 9 51 77 34 42 82 76 30 49 15 40 95 17 74 62 92 62 65 74 52 12 61 95 61 88 96 64 51 11 46 48 52 66 56 79 50 15 35 53 67 91 20 45 45 34 49 52 27 30 65 24 64 40 23 5 37 74 34 17 48 50 100 72 51 79 22 46 28 21 6 
90 53 70 32 71 57 72 96 32 12 81 64 89 44 39 69 70 46 66 66 63 61 92 1 100 5 73 48 75 0 74 80 35 91 70 34 84 43 84 2 36 23 53 5 59 96 63 69 72 12 87 81 22 85 87 77 89 34 21 88 35 46 11 39 100 93 21 40 69 99 73 18 57 82 95 39 45 4 44 41 26 34 74 49 72 27 52 13 2 13 99 28 1 75 11 76 8 63 23 98 
36 24 25 87 67 93 88 81 88 51 51 100 88 75 26 100 81 14 24 58 59 78 79 29 86 62 10 71 9 74 0 93 50 9 66 98 48 99 55 20 93 96 2 27 17 63 94 74 100 28 60 92 33 28 35 48 86 50 43 41 26 63 32 66 57 98 95 75 23 72 57 24 85 28 14 54 26 66 87 17 37 64 44 27 60 56 77 97 41 99 91 62 84 17 87 40 67 32 88 89 
83 16 30 40 13 63 7 88 36 58 89 86 95 60 12 87 22 94 91 49 91 52 65 24 71 46 66 64 51 80 93 0 68 80 94 22 74 5 86 91 64 38 42 96 76 69 5 98 25 4 24 86 28 43 31 11 45 75 26 88 78 27 1 25 40 14 51 97 47 50 17 63 67 32 14 53 18 91 49 9 82 69 62 59 74 2 80 11 33 54 19 80 16 8 17 90 86 45 62 8 
55 1 82 12 21 28 59 16 9 83 56 66 2 100 37 58 65 65 46 65 60 63 21 12 81 72 84 33 77 35 50 68 0 77 31 100 53 28 83 27 19 64 97 50 46 87 93 30 15 37 95 96 92 5 94 26 5 77 22 8 75 74 17 36 58 85 72 72 60 23 59 35 54 67 59 58 100 45 11 49 21 5 4 80 25 2 17 72 48 70 31 33 87 23 62 5 8 12 87 23 
26 22 63 67 4 90 10 65 45 59 55 21 29 82 44 77 79 39 10 1 100 52 68 65 58 79 22 24 34 91 9 80 77 0 83 22 51 83 74 25 12 16 84 95 34 60 45 5 63 26 80 88 70 43 33 17 39 62 5 5 97 72 34 74 49 32 2 3 86 58 29 29 97 25 28 87 79 61 24 44 86 5 20 52 98 62 19 36 23 30 47 91 43 70 71 25 7 93 4 2 
21 56 67 38 24 73 68 66 80 36 61 42 60 80 53 73 100 62 23 93 33 78 93 81 35 3 26 56 42 70 66 94 31 83 0 23 87 34 50 87 65 96 5 66 80 51 62 2 80 39 45 37 78 5 79 24 97 81 43 11 46 72 24 12 73 68 20 93 97 45 7 2 45 30 76 49 98 53 62 52 81 39 29 36 17 35 88 18 43 6 98 16 35 100 58 2 52 90 28 98 
80 21 54 10 88 94 21 90 18 8 88 33 19 28 70 68 24 75 42 68 56 1 94 87 13 52 10 42 82 34 98 22 100 22 23 0 10 59 88 46 72 9 15 66 13 94 95 46 22 69 68 47 74 26 25 12 16 29 68 54 83 67 14 48 28 13 93 7 75 45 57 21 16 50 95 91 5 84 97 36 35 62 1 34 76 85 2 27 87 40 56 6 66 89 35 80 7 55 90 62 
18 64 53 5 47 100 91 70 42 5 15 44 77 13 88 35 34 6 19 99 85 56 94 66 66 56 80 98 76 84 48 74 53 51 87 10 0 3 31 18 30 46 57 39 18 87 98 55 47 36 94 93 69 17 57 51 54 32 71 66 42 43 53 80 1 78 65 55 9 29 16 21 41 87 35 32 37 35 42 17 15 68 48 46 59 12 39 44 67 78 63 22 72 80 20 48 99 11 51 25 
67 76 65 10 33 66 47 98 68 80 20 42 45 80 76 98 92 49 94 42 94 24 33 65 88 36 48 14 30 43 99 5 28 83 34 59 3 0 26 12 37 10 89 63 52 4 71 56 6 100 100 30 82 86 73 24 55 100 66 54 59 69 93 58 79 4 94 53 10 64 18 26 6 80 35 64 48 21 77 62 66 84 83 36 48 44 19 75 67 87 18 9 21 48 88 42 48 39 11 39 
12 88 26 46 24 11 90 70 55 46 57 21 63 84 4 67 56 33 91 41 23 82 97 45 91 23 8 11 49 84 55 86 83 74 50 88 31 26 0 39 85 41 32 33 64 4 93 65 31 86 20 49 16 64 20 27 49 90 1 3 9 61 4 18 81 28 23 85 6 10 87 56 4 97 79 40 43 40 68 24 70 28 69 14 41 67 22 23 17 50 52 84 61 29 39 47 47 18 79 87 
21 32 3 95 17 38 67 74 62 18 60 22 99 46 80 49 66 73 2 97 50 91 25 21 52 100 99 84 15 2 20 91 27 25 87 46 18 12 39 0 79 60 49 13 86 28 90 97 14 25 34 53 45 40 96 14 18 83 39 92 93 11 99 57 97 92 67 11 34 92 97 98 33 74 69 76 94 94 59 49 98 92 49 71 24 43 32 95 3 81 76 96 44 40 72 67 86 5 87 21 
87 62 53 17 78 68 40 69 7 94 13 80 63 35 91 73 4 100 2 30 63 68 56 81 85 30 65 99 40 36 93 64 19 12 65 72 30 37 85 79 0 17 22 100 63 25 98 88 87 20 49 21 75 63 95 89 96 18 36 80 15 29 62 66 18 93 19 81 83 3 74 32 100 45 9 96 77 80 87 57 96 36 39 92 78 20 4 89 29 52 40 47 58 98 10 12 19 96 61 25 
87 56 74 79 47 17 49 58 90 50 34 93 6 54 92 21 19 73 22 47 15 58 55 29 28 91 33 42 95 23 96 38 64 16 96 9 46 10 41 60 17 0 52 76 36 11 93 74 78 92 17 61 1 75 19 22 40 13 50 58 87 68 4 14 95 13 60 85 81 46 43 15 37 69 14 20 92 48 69 95 93 46 26 100 51 28 99 100 53 38 74 96 29 54 72 69 95 45 17 96 
78 17 5 6 10 97 16 83 20 89 99 35 56 77 1 80 35 87 49 17 84 75 41 69 69 26 91 18 17 53 2 42 97 84 5 15 57 89 32 49 22 52 0 25 36 44 5 42 89 7 10 63 89 22 37 64 5 16 75 63 68 35 42 61 41 15 72 37 8 65 59 94 4 66 66 77 26 98 19 77 100 60 8 56 25 42 68 64 88 42 33 5 46 22 23 98 48 56 98 1 
48 56 78 60 60 60 14 90 94 24 74 98 89 20 58 43 16 81 32 66 58 7 71 67 67 96 32 70 74 5 27 96 50 95 66 66 39 63 33 13 100 76 25 0 26 22 51 97 52 5 78 4 62 92 1 33 29 36 15 99 12 84 68 63 27 25 16 42 13 88 84 13 13 94 66 72 10 25 47 36 80 41 26 59 19 1 70 79 3 49 51 7 14 92 69 87 9 60 69 43 
24 38 90 47 26 54 43 21 2 16 29 60 77 94 81 82 85 47 71 64 75 92 99 87 28 75 45 71 62 59 17 76 46 34 80 13 18 52 64 86 63 36 36 26 0 41 32 45 47 52 17 31 11 56 68 80 82 36 75 23 21 97 5 98 66 38 25 2 48 61 89 72 18 68 53 67 9 59 10 19 96 84 20 27 44 76 34 18 57 44 48 57 60 76 22 34 7 61 100 91 
28 5 57 21 48 66 9 22 28 7 65 96 55 59 21 47 17 86 21 71 51 96 33 52 96 25 80 82 92 96 63 69 87 60 51 94 87 4 4 28 25 11 44 22 41 0 47 43 79 61 55 7 94 60 48 74 14 18 52 65 17 88 71 65 88 5 34 79 77 43 73 3 60 24 37 1 32 8 37 67 19 93 29 35 89 45 41 86 14 44 8 57 10 94 74 50 18 83 53 58 
80 33 98 9 79 90 51 67 51 50 62 88 65 21 63 15 75 68 44 22 72 23 45 12 27 95 28 80 62 63 94 5 93 45 62 95 98 71 93 90 98 93 5 51 32 47 0 69 38 77 40 29 55 67 56 48 65 81 24 65 11 45 51 30 90 79 8 54 55 12 26 27 74 97 69 61 85 89 65 32 28 1 100 62 69 26 75 87 44 21 42 75 79 46 23 32 59 57 26 56 
20 23 69 35 1 98 5 100 77 47 5 99 28 99 78 30 32 12 47 34 96 27 71 21 93 30 99 79 65 69 74 98 30 5 2 46 55 56 65 97 88 74 42 97 45 43 69 0 73 22 54 58 12 56 65 6 11 5 85 93 18 3 45 53 44 33 2 48 88 51 68 24 90 54 65 86 23 3 12 33 86 52 48 33 49 55 55 77 66 63 59 100 89 69 34 71 49 94 31 39 
54 99 9 43 99 1 100 51 6 39 48 16 27 87 45 39 97 78 34 32 47 11 25 48 70 65 7 22 74 72 100 25 15 63 80 22 47 6 31 14 87 78 89 52 47 79 38 73 0 90 89 90 86 73 72 32 75 20 68 9 97 21 77 100 42 47 54 51 18 30 86 47 26 73 42 44 55 29 42 95 87 45 81 11 20 64 14 64 6 67 95 85 37 77 100 60 92 81 26 58 
46 50 14 53 59 39 15 98 41 4 14 54 72 36 25 20 55 75 20 96 72 24 91 70 25 16 59 16 52 12 28 4 37 26 39 69 36 100 86 25 20 92 7 5 52 61 77 22 90 0 79 91 31 16 39 16 31 10 33 85 70 27 11 82 28 89 29 70 56 21 22 51 25 9 78 22 26 53 74 52 43 22 75 36 7 33 5 5 14 45 27 92 55 49 11 97 34 49 2 25 
89 42 28 17 13 72 97 76 45 91 30 61 46 63 57 29 20 95 39 90 27 74 76 56 21 72 17 67 12 87 60 24 95 80 45 68 94 100 20 34 49 17 10 78 17 55 40 54 89 79 0 98 54 15 75 82 38 8 2 72 84 36 22 12 94 13 6 98 78 13 21 51 93 1 18 37 79 72 94 19 44 57 24 30 67 37 3 19 62 77 41 87 68 100 93 26 48 86 2 92 
48 54 16 96 47 98 99 97 77 57 75 42 78 29 14 88 57 21 26 36 74 9 13 54 37 97 65 25 61 81 92 86 96 88 37 47 93 30 49 53 21 61 63 4 31 7 29 58 90 91 98 0 8 16 9 80 96 10 68 67 17 89 51 20 61 81 86 89 35 48 69 33 68 76 46 59 46 50 13 50 9 28 24 61 9 76 49 98 29 76 10 64 9 67 34 3 35 71 1 69 
94 26 21 17 4 94 1 36 26 36 70 4 3 77 22 21 59 93 95 83 29 19 28 36 39 32 63 57 95 22 33 28 92 70 78 74 69 82 16 45 75 1 89 62 11 94 55 12 86 31 54 8 0 3 23 18 34 13 86 92 73 53 29 35 18 7 8 6 12 36 64 17 10 7 84 11 8 97 44 59 84 14 69 50 90 31 37 18 1 42 100 98 32 99 74 61 91 59 37 73 
87 18 58 13 21 46 73 6 74 1 48 16 70 83 4 81 49 15 69 92 54 58 98 5 14 42 12 86 61 85 28 43 5 43 5 26 17 86 64 40 63 75 22 92 56 60 67 56 73 16 15 16 3 0 24 100 54 44 78 75 82 61 61 73 72 27 57 63 30 66 79 67 1 69 1 67 49 72 78 23 4 51 72 87 19 4 92 100 26 85 93 67 39 65 10 86 82 91 15 74 
75 65 49 89 93 54 51 50 58 68 50 80 31 33 22 86 5 15 8 42 77 60 69 11 30 65 40 16 88 87 35 31 94 33 79 25 57 73 20 96 95 19 37 1 68 48 56 65 72 39 75 9 23 24 0 85 20 41 41 24 43 59 4 44 91 33 83 20 77 18 78 87 44 97 39 32 74 36 98 84 75 97 49 90 62 50 87 60 11 25 48 7 85 88 37 54 28 52 16 88 
47 45 33 32 55 8 13 82 52 70 63 47 64 92 96 12 39 100 21 29 58 98 70 64 70 7 16 56 96 77 48 11 26 17 24 12 51 24 27 14 89 22 64 33 80 74 48 6 32 16 82 80 18 100 85 0 4 15 20 17 9 85 2 41 59 62 54 38 9 73 96 7 51 60 89 15 36 80 41 49 38 10 33 5 8 23 91 11 21 20 15 54 63 42 73 45 99 19 72 98 
90 41 7 47 39 78 85 97 44 23 96 44 61 26 27 15 16 34 87 95 75 55 16 33 2 72 49 26 64 89 86 45 5 39 97 16 54 55 49 18 96 40 5 29 82 14 65 11 75 31 38 96 34 54 20 4 0 88 26 8 64 19 91 44 54 32 13 62 61 65 29 25 82 38 61 91 9 44 78 74 64 40 6 25 27 72 100 89 93 30 17 86 83 51 77 80 51 90 50 42 
35 61 47 18 99 37 78 33 67 80 89 72 23 45 45 93 89 71 8 75 36 69 9 90 86 10 85 21 51 34 50 75 77 62 81 29 32 100 90 83 18 13 16 36 36 18 81 5 20 10 8 10 13 44 41 15 88 0 13 35 24 34 26 11 83 32 82 92 28 45 5 87 68 33 7 57 34 6 30 48 5 80 93 82 8 10 3 80 3 78 57 100 2 70 74 94 24 46 29 12 
59 59 42 82 15 52 18 47 25 45 95 66 29 54 43 39 59 53 75 7 50 33 59 15 51 4 1 13 11 21 43 26 22 5 43 68 71 66 1 39 36 50 75 15 75 52 24 85 68 33 2 68 86 78 41 20 26 13 0 100 54 86 78 69 69 63 84 32 69 56 75 34 19 5 15 49 77 71 30 84 71 90 66 86 46 51 61 3 51 31 13 42 94 95 91 98 45 66 48 68 
73 34 19 93 8 34 24 79 94 36 44 39 10 41 3 65 11 60 51 59 46 88 44 55 51 34 10 63 46 88 41 88 8 5 11 54 66 54 3 92 80 58 63 99 23 65 65 93 9 85 72 67 92 75 24 17 8 35 100 0 14 28 50 64 40 61 96 99 36 100 93 60 34 54 35 80 82 48 11 41 45 47 29 41 82 75 100 2 55 64 40 77 26 83 84 95 94 7 19 78 
84 100 11 63 43 7 3 74 99 21 2 60 25 93 100 17 70 76 25 55 62 34 4 16 36 81 56 86 48 35 26 78 75 97 46 83 42 59 9 93 15 87 68 12 21 17 11 18 97 70 84 17 73 82 43 9 64 24 54 14 0 30 1 89 95 11 87 19 60 46 37 12 9 13 40 96 95 98 43 97 82 62 56 57 67 78 61 62 25 59 10 98 52 46 68 48 19 91 71 28 
51 11 5 79 12 66 64 30 88 51 47 28 85 33 69 61 15 15 66 32 64 86 92 23 95 75 1 30 52 46 63 27 74 72 72 67 43 69 61 11 29 68 35 84 97 88 45 3 21 27 36 89 53 61 59 85 19 34 86 28 30 0 84 14 83 17 15 34 55 50 52 66 50 69 37 14 40 49 38 29 15 78 82 8 64 73 11 36 93 94 86 17 78 62 39 40 96 98 49 78 
9 60 75 3 70 62 10 44 54 65 78 8 74 98 82 28 41 6 7 2 95 80 9 16 69 10 8 75 66 11 32 1 17 34 24 14 53 93 4 99 62 4 42 68 5 71 51 45 77 11 22 51 29 61 4 2 91 26 78 50 1 84 0 32 52 21 80 42 72 2 26 88 62 16 48 84 99 73 98 12 85 75 28 89 6 66 51 35 48 74 92 30 85 97 90 64 100 24 11 28 
31 8 94 22 61 18 33 63 92 96 13 58 23 13 25 11 37 56 56 98 71 72 27 34 55 28 87 18 56 39 66 25 36 74 12 48 80 58 18 57 66 14 61 63 98 65 30 53 100 82 12 20 35 73 44 41 44 11 69 64 89 14 32 0 73 87 2 12 72 33 70 76 28 58 5 34 4 75 89 31 65 3 81 15 38 30 30 48 78 65 12 4 17 37 88 35 79 15 40 46 
20 78 69 73 77 51 21 49 100 75 5 54 94 10 79 82 35 78 76 39 96 94 47 25 33 61 47 39 79 100 57 40 58 49 73 28 1 79 81 97 18 95 41 27 66 88 90 44 42 28 94 61 18 72 91 59 54 83 69 40 95 83 52 73 0 18 22 13 93 49 75 58 8 68 23 28 5 74 16 31 56 34 13 38 40 99 26 68 36 39 97 11 52 72 12 4 22 34 27 95 
28 88 39 25 83 39 83 86 37 96 45 77 69 76 75 71 90 89 54 28 22 43 22 52 61 92 6 25 50 93 98 14 85 32 68 13 78 4 28 92 93 13 15 25 38 5 79 33 47 89 13 81 7 27 33 62 32 32 63 61 11 17 21 87 18 0 47 11 10 39 27 9 86 4 20 62 20 100 49 19 36 7 7 9 93 100 87 95 69 69 44 35 52 31 58 48 67 10 19 80 
39 25 95 26 3 34 19 29 8 66 50 16 85 69 91 85 35 34 55 43 71 90 93 5 57 26 94 20 15 21 95 51 72 2 20 93 65 94 23 67 19 60 72 16 25 34 8 2 54 29 6 86 8 57 83 54 13 82 84 96 87 15 80 2 22 47 0 18 14 87 45 18 54 63 3 9 70 81 46 10 21 91 55 32 97 66 6 81 11 94 48 73 68 2 7 91 71 61 25 17 
38 94 42 96 64 4 15 82 6 59 100 34 34 25 73 100 25 29 97 44 38 93 51 44 35 54 94 81 35 40 75 97 72 3 93 7 55 53 85 11 81 85 37 42 2 79 54 48 51 70 98 89 6 63 20 38 62 92 32 99 19 34 42 12 13 11 18 0 87 31 61 54 32 6 75 74 64 22 35 55 22 64 29 73 93 89 35 46 91 36 20 82 63 16 16 99 81 5 52 14 
79 45 56 100 2 20 76 53 83 83 78 52 84 10 7 12 68 57 37 58 52 69 47 30 5 82 47 60 53 69 23 47 60 86 97 75 9 10 6 34 83 81 8 13 48 77 55 88 18 56 78 35 12 30 77 9 61 28 69 36 60 55 72 72 93 10 14 87 0 100 12 49 5 1 8 44 73 49 95 57 80 85 29 32 91 3 28 47 93 55 87 19 58 87 79 30 51 35 80 22 
92 3 45 34 64 100 94 19 68 84 79 59 37 19 34 24 4 40 87 11 72 22 53 28 54 10 24 98 67 99 72 50 23 58 45 45 29 64 10 92 3 46 65 88 61 43 12 51 30 21 13 48 36 66 18 73 65 45 56 100 46 50 2 33 49 39 87 31 100 0 46 30 41 12 50 47 83 9 28 21 79 32 70 2 19 19 71 82 72 66 75 10 46 26 69 71 25 72 31 49 
38 86 90 2 31 98 85 33 63 99 10 9 3 42 43 85 7 84 54 85 81 12 97 74 67 12 2 24 91 73 57 17 59 29 7 57 16 18 87 97 74 43 59 84 89 73 26 68 86 22 21 69 64 79 78 96 29 5 75 93 37 52 26 70 75 27 45 61 12 46 0 63 68 10 17 29 89 14 45 94 56 47 85 17 77 42 89 88 83 64 40 98 11 55 84 70 98 49 82 4 
45 29 35 8 7 85 90 18 70 32 32 37 5 74 71 80 95 74 82 18 87 88 64 97 63 60 2 6 20 18 24 63 35 29 2 21 21 26 56 98 32 15 94 13 72 3 27 24 47 51 51 33 17 67 87 7 25 87 34 60 12 66 88 76 58 9 18 54 49 30 63 0 45 96 74 44 41 98 62 53 49 16 74 99 47 39 78 67 55 57 40 68 44 63 67 97 92 4 33 95 
66 20 64 69 31 40 85 100 59 69 79 13 48 87 68 13 92 92 72 10 24 86 63 87 9 82 97 44 45 57 85 67 54 97 45 16 41 6 4 33 100 37 4 13 18 60 74 90 26 25 93 68 10 1 44 51 82 68 19 34 9 50 62 28 8 86 54 32 5 41 68 45 0 90 7 37 49 20 58 24 1 64 5 11 30 40 84 7 22 86 21 88 39 97 70 87 45 79 25 64 
69 78 34 81 50 24 39 10 63 96 93 12 1 1 54 44 100 100 91 25 14 79 97 97 22 77 20 66 45 82 28 32 67 25 30 50 87 80 97 74 45 69 66 94 68 24 97 54 73 9 1 76 7 69 97 60 38 33 5 54 13 69 16 58 68 4 63 6 1 12 10 96 90 0 4 48 14 28 53 67 22 26 75 15 84 26 26 10 91 60 30 28 59 67 27 90 14 4 92 6 
56 83 2 64 47 43 49 9 94 87 91 67 87 92 94 70 77 9 45 97 32 71 4 86 59 73 17 13 34 95 14 14 59 28 76 95 35 35 79 69 9 14 66 66 53 37 69 65 42 78 18 46 84 1 39 89 61 7 15 35 40 37 48 5 23 20 3 75 8 50 17 74 7 4 0 64 8 76 6 96 2 33 50 42 52 1 17 55 33 71 17 52 4 1 15 17 76 74 11 53 
4 4 6 45 83 62 86 29 41 74 79 92 42 96 10 26 46 85 91 74 21 66 51 1 67 56 81 97 49 39 54 53 58 87 49 91 32 64 40 76 96 20 77 72 67 1 61 86 44 22 37 59 11 67 32 15 91 57 49 80 96 14 84 34 28 62 9 74 44 47 29 44 37 48 64 0 58 94 98 11 26 78 56 8 96 58 81 93 74 17 62 36 13 57 70 82 8 9 57 89 
99 82 17 58 19 61 88 19 24 88 64 76 6 48 29 93 7 33 14 49 63 11 58 78 100 23 12 79 52 45 26 18 100 79 98 5 37 48 43 94 77 92 26 10 9 32 85 23 55 26 79 46 8 49 74 36 9 34 77 82 95 40 99 4 5 20 70 64 73 83 89 41 49 14 8 58 0 45 59 42 1 42 95 97 9 100 50 94 25 67 65 70 58 6 6 88 97 65 85 61 
60 72 67 32 94 45 63 45 3 14 68 42 91 2 41 5 38 94 28 73 5 59 88 83 99 15 43 18 27 4 66 91 45 61 53 84 35 21 40 94 80 48 98 25 59 8 89 3 29 53 72 50 97 72 36 80 44 6 71 48 98 49 73 75 74 100 81 22 49 9 14 98 20 28 76 94 45 0 88 15 14 90 50 62 32 25 35 4 63 97 27 19 71 10 82 42 77 57 17 97 
4 21 28 40 18 59 79 57 72 52 29 37 11 36 53 78 90 25 73 58 19 54 11 81 16 39 90 93 30 44 87 49 11 24 62 97 42 77 68 59 87 69 19 47 10 37 65 12 42 74 94 13 44 78 98 41 78 30 30 11 43 38 98 89 16 49 46 35 95 28 45 62 58 53 6 98 59 88 0 50 60 11 6 36 74 53 31 55 51 45 49 35 46 67 88 15 15 89 88 33 
35 72 3 75 22 55 6 91 73 45 21 97 16 2 89 81 25 62 33 52 3 64 99 82 1 28 72 13 65 41 17 9 49 44 52 36 17 62 24 49 57 95 77 36 19 67 32 33 95 52 19 50 59 23 84 49 74 48 84 41 97 29 12 31 31 19 10 55 57 21 94 53 24 67 96 11 42 15 50 0 86 25 92 10 37 83 34 87 55 48 82 29 62 86 20 33 70 1 40 85 
57 16 93 89 76 42 13 44 63 28 62 24 41 55 82 52 82 48 11 89 18 8 52 68 87 72 77 40 24 26 37 82 21 86 81 35 15 66 70 98 96 93 100 80 96 19 28 86 87 43 44 9 84 4 75 38 64 5 71 45 82 15 85 65 56 36 21 22 80 79 56 49 1 22 2 26 1 14 60 86 0 44 96 32 98 3 21 65 72 38 99 8 11 26 1 28 27 53 81 7 
15 85 23 86 61 93 29 97 100 32 59 38 28 12 85 6 34 5 28 39 6 8 84 47 33 64 58 74 64 34 64 69 5 5 39 62 68 84 28 92 36 46 60 41 84 93 1 52 45 22 57 28 14 51 97 10 40 80 90 47 62 78 75 3 34 7 91 64 85 32 47 16 64 26 33 78 42 90 11 25 44 0 43 11 47 90 81 26 65 32 2 46 46 96 13 96 80 80 32 90 
79 86 43 14 54 26 93 51 9 81 73 17 79 40 74 63 27 35 89 6 44 19 72 64 69 74 29 33 40 74 44 62 4 20 29 1 48 83 69 49 39 26 8 26 20 29 100 48 81 75 24 24 69 72 49 33 6 93 66 29 56 82 28 81 13 7 55 29 29 70 85 74 5 75 50 56 95 50 6 92 96 43 0 25 99 100 57 63 81 69 13 84 15 40 83 58 27 29 9 46 
52 34 76 81 27 26 91 82 32 33 61 39 97 17 6 12 22 34 32 42 72 56 58 95 6 76 33 42 23 49 27 59 80 52 36 34 46 36 14 71 92 100 56 59 27 35 62 33 11 36 30 61 50 87 90 5 25 82 86 41 57 8 89 15 38 9 32 73 32 2 17 99 11 15 42 8 97 62 36 10 32 11 25 0 58 70 9 13 13 15 98 53 56 9 78 31 57 95 66 89 
60 61 54 45 94 86 35 2 76 26 57 40 7 69 84 75 54 24 92 3 74 29 30 88 51 37 66 52 5 72 60 74 25 98 17 76 59 48 41 24 78 51 25 19 44 89 69 49 20 7 67 9 90 19 62 8 27 8 46 82 67 64 6 38 40 93 97 93 91 19 77 47 30 84 52 96 9 32 74 37 98 47 99 58 0 68 73 84 3 24 10 81 71 74 24 32 81 32 32 24 
89 29 30 92 36 37 6 65 98 63 55 53 63 61 75 94 74 21 75 90 5 22 18 74 21 38 88 32 37 27 56 2 2 62 35 85 12 44 67 43 20 28 42 1 76 45 26 55 64 33 37 76 31 4 50 23 72 10 51 75 78 73 66 30 99 100 66 89 3 19 42 39 40 26 1 58 100 25 53 83 3 90 100 70 68 0 15 57 11 96 11 93 49 75 93 68 43 64 81 70 
14 75 34 10 42 57 13 66 68 91 61 33 15 16 54 53 90 2 97 79 99 56 68 53 13 50 52 17 74 52 77 80 17 19 88 2 39 19 22 32 4 99 68 70 34 41 75 55 14 5 3 49 37 92 87 91 100 3 61 100 61 11 51 30 26 87 6 35 28 71 89 78 84 26 17 81 50 35 31 34 21 81 57 9 73 15 0 55 76 45 98 8 88 76 23 19 30 12 48 94 
63 75 3 29 88 25 9 49 60 30 75 84 34 32 50 51 98 63 20 84 93 45 32 82 4 82 91 90 34 13 97 11 72 36 18 27 44 75 23 95 89 100 64 79 18 86 87 77 64 5 19 98 18 100 60 11 89 80 3 2 62 36 35 48 68 95 81 46 47 82 88 67 7 10 55 93 94 4 55 87 65 26 63 13 84 57 55 0 68 27 99 10 6 68 48 54 100 87 77 85 
29 45 26 10 88 63 79 3 16 12 23 91 54 63 11 47 95 39 9 68 46 80 79 9 89 11 53 33 17 2 41 33 48 23 43 87 67 67 17 3 29 53 88 3 57 14 44 66 6 14 62 29 1 26 11 21 93 3 51 55 25 93 48 78 36 69 11 91 93 72 83 55 22 91 33 74 25 63 51 55 72 65 81 13 3 11 76 68 0 39 40 7 20 11 99 1 40 91 13 32 
23 7 20 95 51 89 23 38 18 33 66 46 99 39 15 90 31 7 82 2 17 96 97 92 33 56 51 1 48 13 99 54 70 30 6 40 78 87 50 81 52 38 42 49 44 44 21 63 67 45 77 76 42 85 25 20 30 78 31 64 59 94 74 65 39 69 94 36 55 66 64 57 86 60 71 17 67 97 45 48 38 32 69 15 24 96 45 27 39 0 68 37 76 72 91 67 83 45 73 63 
70 32 20 62 39 56 95 38 78 30 76 100 60 40 69 45 70 72 7 65 34 17 47 19 14 94 10 21 50 99 91 19 31 47 98 56 63 18 52 76 40 74 33 51 48 8 42 59 95 27 41 10 100 93 48 15 17 57 13 40 10 86 92 12 97 44 48 20 87 75 40 40 21 30 17 62 65 27 49 82 99 2 13 98 10 11 98 99 40 68 0 7 100 72 98 41 88 68 43 60 
51 92 30 24 67 33 59 7 27 84 12 33 61 82 6 23 7 20 61 63 46 68 65 87 25 70 72 60 100 28 62 80 33 91 16 6 22 9 84 96 47 96 5 7 57 57 75 100 85 92 87 64 98 67 7 54 86 100 42 77 98 17 30 4 11 35 73 82 19 10 98 68 88 28 52 36 70 19 35 29 8 46 84 53 81 93 8 10 7 37 7 0 99 35 64 25 77 53 77 40 
76 80 91 4 18 7 90 29 55 41 2 48 96 34 18 71 77 59 34 3 94 83 59 64 43 97 39 25 72 1 84 16 87 43 35 66 72 21 61 44 58 29 46 14 60 10 79 89 37 55 68 9 32 39 85 63 83 2 94 26 52 78 85 17 52 52 68 63 58 46 11 44 39 59 4 13 58 71 46 62 11 46 15 56 71 49 88 6 20 76 100 99 0 81 76 21 83 23 11 81 
38 36 89 81 20 6 12 58 29 69 32 21 14 25 44 27 76 54 55 53 92 64 71 57 10 38 9 72 51 75 17 8 23 70 100 89 80 48 29 40 98 54 22 92 76 94 46 69 77 49 100 67 99 65 88 42 51 70 95 83 46 62 97 37 72 31 2 16 87 26 55 63 97 67 1 57 6 10 67 86 26 96 40 9 74 75 76 68 11 72 72 35 81 0 13 91 26 46 81 52 
8 92 38 34 70 14 30 57 31 63 83 98 65 98 31 39 98 38 47 56 30 20 41 38 48 5 64 28 79 11 87 17 62 71 58 35 20 88 39 72 10 72 23 69 22 74 23 34 100 11 93 34 74 10 37 73 77 74 91 84 68 39 90 88 12 58 7 16 79 69 84 67 70 27 15 70 6 82 88 20 1 13 83 78 24 93 23 48 99 91 98 64 76 13 0 22 27 35 46 24 
51 92 94 82 95 87 15 28 29 47 61 79 85 1 83 26 9 69 86 97 96 66 88 18 54 15 39 77 22 76 40 90 5 25 2 80 48 42 47 67 12 69 98 87 34 50 32 71 60 97 26 3 61 86 54 45 80 94 98 95 48 40 64 35 4 48 91 99 30 71 70 97 87 90 17 82 88 42 15 33 28 96 58 31 32 68 19 54 1 67 41 25 21 91 22 0 69 83 72 15 
61 97 45 99 5 39 51 31 60 98 27 25 3 29 11 40 76 85 97 67 62 18 13 54 7 65 13 74 46 8 67 86 8 7 52 7 99 48 47 86 19 95 48 9 7 18 59 49 92 34 48 35 91 82 28 99 51 24 45 94 19 96 100 79 22 67 71 81 51 25 98 92 45 14 76 8 97 77 15 70 27 80 27 57 81 43 30 100 40 83 88 77 83 26 27 69 0 75 97 7 
79 24 60 17 87 60 18 2 52 100 73 39 39 61 57 90 69 53 67 24 77 70 59 64 36 57 65 96 28 63 32 45 12 93 90 55 11 39 18 5 96 45 56 60 61 83 57 94 81 49 86 71 59 91 52 19 90 46 66 7 91 98 24 15 34 10 61 5 35 72 49 4 79 4 74 9 65 57 89 1 53 80 29 95 32 64 12 87 91 45 68 53 23 46 35 83 75 0 48 66 
27 77 23 89 43 48 6 28 34 10 4 78 32 79 80 78 23 81 19 40 82 30 93 74 18 39 75 34 21 23 88 62 87 4 28 90 51 11 79 87 61 17 98 69 100 53 26 31 26 2 2 1 37 15 16 72 50 29 48 19 71 49 11 40 27 19 25 52 80 31 82 33 25 92 11 57 85 17 88 40 81 32 9 66 32 81 48 77 13 73 43 77 11 81 46 72 97 48 0 78 
16 29 48 85 83 79 56 97 90 53 31 64 34 23 66 79 87 23 54 57 44 98 81 55 90 8 95 77 6 98 89 8 23 2 98 62 25 39 87 21 25 96 1 43 91 58 56 39 58 25 92 69 73 74 88 98 42 12 68 78 28 78 28 46 95 80 17 14 22 49 4 95 64 6 53 89 61 97 33 85 7 90 46 89 24 70 94 85 32 63 60 40 81 52 24 15 7 66 78 0 
0 99 24 19 17 25 7 0 31 0 89 67 91 49 46 35 31 89 74 83 39 45 5 0 0 33 0 52 45 85 27 42 9 60 59 21 0 62 28 55 26 29 74 48 36 1 15 54 95 89 79 77 40 26 23 0 51 71 99 72 73 0 99 17 57 0 76 0 0 31 63 52 22 86 56 94 0 0 99 34 49 0 79 5 24 1 12 24 25 19 14 39 0 1 36 48 1 24 4 92 
0 0 0 0 94 0 44 0 0 0 0 0 14 0 27 0 0 0 0 0 0 0 0 0 0 0 0 0 23 0 29 0 68 11 0 0 0 76 72 0 0 0 89 88 0 85 12 0 0 9 85 0 0 0 0 0 0 0 0 0 0 0 11 40 0 0 0 0 0 0 0 0 19 0 0 78 0 0 0 83 34 0 0 0 0 0 0 57 17 44 0 0 0 0 0 0 0 0 0 34 
0 0 0 0 70 0 8 0 0 0 0 0 48 0 0 0 0 0 0 0 0 0 0 0 0 0 0 0 53 0 46 0 15 72 0 0 0 32 10 0 0 0 83 75 0 31 3 0 0 62 66 0 0 0 0 0 0 0 0 0 0 0 0 11 0 0 0 0 0 0 0 0 8 0 0 19 0 0 0 0 32 0 0 0 0 0 0 77 0 11 0 0 0 0 0 0 0 0 0 40 
0 0 0 0 77 0 12 0 43 0 16 0 84 61 30 0 0 0 0 100 71 24 41 0 0 47 0 69 39 0 69 6 85 89 0 0 0 36 26 0 0 0 32 4 0 60 90 75 32 64 82 0 0 0 0 0 0 0 0 0 7 0 18 100 0 0 0 0 0 38 18 0 68 0 0 57 0 0 0 18 2 0 0 0 36 26 59 88 39 77 0 0 0 0 0 83 86 25 72 94 
0 0 0 0 0 0 96 0 0 0 0 0 0 0 0 0 0 0 0 0 0 0 0 0 0 0 0 0 0 0 0 0 0 0 0 0 0 0 0 0 0 0 0 0 0 0 0 0 0 0 69 0 0 0 0 0 0 0 0 0 0 0 0 0 0 0 0 0 0 0 0 0 0 0 0 0 0 0 0 0 0 0 0 0 0 0 0 0 0 0 0 0 0 0 0 0 0 0 0 0 
0 0 0 0 0 0 23 0 63 0 92 11 67 37 99 73 41 0 0 13 0 9 79 0 0 10 0 97 30 0 26 65 29 24 0 0 0 26 90 38 0 0 14 29 0 38 29 0 66 81 69 0 0 0 0 0 55 0 0 83 64 0 59 26 0 0 33 0 0 40 11 0 63 0 0 35 0 0 0 93 63 0 91 0 61 47 50 91 45 0 29 0 0 0 0 16 76 23 18 75 
0 0 0 0 0 0 0 0 0 0 0 0 0 0 0 0 0 0 0 0 0 0 0 0 0 0 0 0 0 0 0 0 0 0 0 0 0 0 0 0 0 0 0 0 0 0 0 0 0 0 42 0 0 0 0 0 0 0 0 0 0 0 0 0 0 0 0 0 0 0 0 0 0 0 0 0 0 0 0 0 0 0 0 0 0 0 0 0 0 0 0 0 0 0 0 0 0 0 0 0 
0 0 0 0 0 0 0 0 4 0 34 83 54 82 9 91 42 7 90 64 65 6 17 0 0 60 18 98 97 68 90 49 55 61 74 49 0 93 24 24 68 1 35 8 64 17 28 13 26 6 85 40 73 68 42 0 75 1 57 95 7 0 78 97 5 0 16 0 0 37 91 13 6 91 2 3 59 0 79 36 62 0 68 3 22 50 9 91 63 21 51 91 0 70 85 5 75 82 53 79 
0 0 0 0 0 0 0 0 0 0 20 0 10 85 5 0 0 0 0 72 49 57 30 0 0 0 0 14 100 0 63 12 92 100 0 0 0 39 64 0 0 0 31 88 0 86 62 75 34 0 16 0 0 0 0 0 0 0 0 0 68 0 26 75 0 0 0 0 0 50 41 0 26 0 0 98 0 0 0 7 12 0 0 0 14 27 45 80 60 85 0 0 0 0 0 98 53 43 11 0 
0 0 0 0 0 0 0 0 0 0 62 27 7 13 81 45 47 28 20 9 53 17 63 0 0 89 39 82 37 25 20 98 72 60 29 96 54 91 49 30 34 91 52 96 74 91 35 67 100 27 17 85 100 33 54 34 30 31 61 81 76 0 42 23 28 28 50 40 33 0 36 73 45 81 29 26 38 99 69 46 75 50 78 59 46 5 4 2 55 60 69 85 0 44 42 51 31 27 39 81 
0 0 0 0 0 0 0 0 0 0 0 0 25 0 3 0 0 0 0 18 0 48 0 0 0 0 0 87 32 0 5 0 53 8 0 0 0 19 41 0 0 0 87 74 0 10 31 66 0 3 22 0 0 0 0 0 0 0 0 0 0 0 89 64 0 0 0 0 0 0 0 0 91 0 0 99 0 0 0 39 48 0 0 0 0 0 0 8 99 49 0 0 0 0 0 0 0 0 65 29 
0 0 0 0 0 0 0 0 0 0 0 0 96 5 41 0 0 0 0 5 53 14 38 0 0 32 0 39 8 0 23 33 9 37 0 0 0 12 48 0 0 0 30 73 0 79 27 6 58 66 22 0 0 0 0 0 0 0 0 0 78 0 36 98 0 0 0 0 0 33 30 0 26 0 0 99 0 0 0 55 90 0 0 0 11 90 46 66 21 28 0 0 0 0 0 62 66 46 67 62 
0 0 0 0 0 0 0 0 0 0 0 0 0 0 0 0 0 0 0 0 0 0 0 0 0 0 0 0 0 0 0 0 0 0 0 0 0 0 0 0 0 0 0 0 0 0 0 0 0 90 78 0 0 0 0 0 0 0 0 0 0 0 0 23 0 0 0 0 0 0 0 0 0 0 0 0 0 0 0 0 0 0 0 0 0 0 0 27 0 0 0 0 0 0 0 0 0 0 0 0 
0 0 0 0 0 0 0 0 0 0 0 0 0 0 15 0 0 0 0 72 82 26 11 0 0 0 0 28 100 0 54 0 55 19 0 0 0 95 36 0 0 0 6 76 0 58 89 85 12 23 73 0 0 0 0 0 0 0 0 0 20 0 38 3 0 0 0 0 0 89 64 0 70 0 0 49 0 0 0 32 11 0 0 0 19 95 79 67 77 5 0 0 0 0 0 77 40 29 47 22 
0 0 0 0 0 0 0 0 0 0 0 0 0 0 0 0 0 0 0 0 0 0 0 0 0 0 0 0 1 0 64 0 30 37 0 0 0 78 49 0 0 0 82 24 0 44 67 0 0 19 93 0 0 0 0 0 0 0 0 0 0 0 25 80 0 0 0 0 0 0 0 0 94 0 0 88 0 0 0 4 93 0 0 0 0 0 0 94 48 77 0 0 0 0 0 0 0 0 0 71 
0 0 0 0 0 0 0 0 0 0 0 0 0 0 0 0 0 0 0 34 64 98 52 0 0 60 0 57 33 0 29 11 55 65 0 0 0 75 11 0 0 0 87 59 0 22 50 27 30 69 9 0 0 0 0 0 0 0 0 0 73 0 74 97 0 0 0 0 0 49 59 0 56 0 0 7 0 0 0 3 11 0 0 0 54 92 19 78 83 63 3 0 0 0 0 57 37 20 5 55 
0 0 0 0 0 0 0 0 0 0 0 0 0 0 0 0 0 0 0 70 64 88 56 0 0 93 0 63 60 0 85 88 9 36 0 0 0 40 36 33 0 0 41 94 0 77 33 60 97 66 61 0 0 0 0 0 75 0 0 0 80 0 57 68 0 0 34 0 0 1 34 0 7 0 0 94 0 0 0 1 29 0 0 0 5 27 31 90 98 52 90 0 0 0 0 95 36 95 5 50 
0 0 0 0 0 0 0 0 0 0 0 0 0 0 0 0 0 0 0 14 64 26 95 0 0 5 0 64 60 27 78 87 32 42 0 0 0 95 79 64 0 0 97 93 0 51 36 22 40 83 63 5 0 93 0 0 53 10 0 79 30 0 25 27 58 0 29 0 0 62 75 0 35 0 0 27 0 0 0 64 55 0 73 0 25 40 86 75 29 30 6 10 0 0 0 47 54 72 67 50 
0 0 0 0 0 0 0 0 0 0 0 0 0 0 0 0 0 0 0 97 50 33 16 0 0 48 0 82 97 5 68 71 97 19 35 0 0 90 56 52 19 79 98 80 16 68 18 83 58 93 33 16 41 15 81 0 77 9 65 15 69 0 61 98 79 0 49 0 0 6 17 28 40 16 76 87 0 0 21 12 42 0 87 42 96 78 27 89 19 31 44 71 0 0 40 22 0 71 26 96 
0 0 0 0 0 0 0 0 0 0 0 0 0 0 0 0 0 0 0 0 0 0 0 0 0 0 0 3 77 0 30 0 44 57 0 0 0 91 55 0 0 0 20 75 0 29 95 44 0 57 27 0 0 0 0 0 0 0 0 0 0 0 60 48 0 0 0 0 0 0 0 0 15 0 0 34 0 0 0 76 25 0 0 0 0 0 0 51 55 11 0 0 0 0 0 0 0 0 0 32 
0 0 0 0 0 0 0 0 0 0 0 0 0 0 0 0 0 0 0 0 0 93 0 0 0 0 0 89 98 0 89 0 11 19 0 0 0 5 65 0 0 0 97 92 0 63 0 83 0 86 92 0 0 0 0 0 0 0 0 0 94 0 3 99 0 0 0 0 0 0 83 0 95 0 0 93 0 0 0 39 11 0 0 0 100 0 0 7 82 18 0 0 0 0 0 22 0 49 34 88 
0 0 0 0 0 0 0 0 0 0 0 0 0 0 0 0 0 0 0 0 0 0 0 0 0 0 0 72 40 0 26 0 44 57 0 0 0 11 22 0 0 0 98 82 0 74 10 26 0 83 88 0 0 0 0 0 0 0 0 0 0 0 41 7 0 0 0 0 0 0 0 0 17 0 0 12 0 0 0 35 41 0 0 0 0 0 0 3 8 58 0 0 0 0 0 0 0 0 86 88 
0 0 0 0 0 0 0 0 0 0 0 0 0 0 0 0 0 0 0 0 0 0 0 0 0 0 0 18 75 0 14 0 4 43 0 0 0 27 41 0 0 0 50 77 0 98 67 4 58 5 92 0 0 0 0 0 0 0 0 0 57 0 97 19 0 0 0 0 0 60 15 0 15 0 0 11 0 0 0 15 85 0 0 0 64 0 61 0 53 22 0 0 0 0 0 53 7 61 38 66 
0 0 0 0 0 0 0 0 0 0 0 0 0 0 0 0 0 0 0 0 0 0 0 0 0 75 76 27 20 76 74 71 90 35 85 28 24 14 51 90 76 97 20 80 97 24 58 57 0 57 25 37 66 37 81 13 91 48 11 30 36 0 62 15 54 49 33 83 51 18 24 43 21 92 74 82 42 40 24 46 49 73 26 20 20 86 79 4 48 32 90 51 0 63 48 15 21 31 67 17 
0 0 0 0 0 0 0 0 0 0 0 0 0 0 0 0 0 0 0 0 0 0 0 0 0 99 69 54 76 14 7 3 85 62 21 78 27 44 22 95 91 48 50 3 3 38 7 34 97 93 1 2 98 100 5 58 73 89 54 84 77 0 12 65 74 98 56 47 20 78 22 49 92 72 33 54 60 44 75 65 0 95 54 60 22 14 3 52 82 55 44 3 27 63 63 56 64 34 100 85 
0 0 0 0 0 0 0 0 0 0 0 0 0 0 0 0 0 0 0 0 0 0 0 0 0 0 0 46 9 0 68 29 81 34 0 0 0 70 93 0 0 0 89 97 0 9 23 84 44 74 96 0 0 0 0 0 0 0 0 0 32 0 85 12 0 0 0 0 0 85 0 0 27 0 0 40 0 0 0 54 71 0 0 0 76 23 91 73 71 98 0 0 0 0 0 80 47 37 43 64 
0 0 0 0 0 0 0 0 0 0 0 0 0 0 0 0 0 0 0 0 0 0 0 0 0 0 0 46 21 20 19 16 44 23 49 63 0 94 53 77 10 11 77 35 81 90 49 19 12 7 37 14 12 11 5 0 7 43 1 45 47 0 63 57 5 0 49 0 0 52 51 19 75 89 50 6 0 0 2 3 64 0 0 29 20 33 82 60 57 55 46 99 0 22 24 98 41 43 27 41 
0 0 0 0 0 0 0 0 0 0 0 0 0 0 0 0 0 0 0 0 0 0 0 0 0 0 0 0 100 0 24 0 22 59 0 0 0 7 16 0 0 0 43 43 0 80 66 0 0 51 22 0 0 0 0 0 0 0 0 0 0 0 18 45 0 0 0 0 0 0 0 0 89 0 0 88 0 0 0 88 86 0 0 0 0 0 0 50 60 15 0 0 0 0 0 0 0 0 0 19 
0 0 0 0 0 0 0 0 0 0 0 0 0 0 0 0 0 0 0 0 0 0 0 0 0 0 0 0 0 0 0 0 0 0 0 0 0 49 0 0 0 0 0 37 0 0 17 0 0 19 29 0 0 0 0 0 0 0 0 0 0 0 0 97 0 0 0 0 0 0 0 0 0 0 0 0 0 0 0 0 24 0 0 0 0 0 0 55 0 30 0 0 0 0 0 0 0 0 0 17 
0 0 0 0 0 0 0 0 0 0 0 0 0 0 0 0 0 0 0 0 0 0 0 0 0 0 0 0 0 0 21 94 32 91 0 0 0 67 52 61 0 0 45 59 0 97 73 85 0 78 85 0 0 0 0 0 2 62 0 98 54 0 42 60 0 0 63 0 0 83 30 0 6 0 0 16 0 0 0 94 84 0 29 0 61 78 66 72 54 9 87 0 0 0 0 99 32 61 87 34 
0 0 0 0 0 0 0 0 0 0 0 0 0 0 0 0 0 0 0 0 0 0 0 0 0 0 0 0 0 0 0 0 58 94 0 0 0 32 47 0 0 0 32 52 0 9 42 0 0 51 48 0 0 0 0 0 0 0 0 0 0 0 0 47 0 0 0 0 0 0 0 0 5 0 0 0 0 0 0 0 25 0 0 0 0 0 0 34 0 27 0 0 0 0 0 0 0 0 0 83 
0 0 0 0 0 0 0 0 0 0 0 0 0 0 0 0 0 0 0 0 0 0 0 0 0 0 0 0 0 0 0 0 20 26 0 0 0 16 40 0 0 0 96 38 0 14 3 48 44 25 53 0 0 0 0 0 0 0 0 0 44 0 92 1 0 0 0 0 0 30 59 0 69 0 0 67 0 0 0 9 78 0 0 0 43 96 39 10 93 7 0 0 0 0 0 48 68 35 9 92 
0 0 0 0 0 0 0 0 0 0 0 0 0 0 0 0 0 0 0 0 0 0 0 0 0 0 0 0 0 0 0 0 0 0 0 0 0 43 0 0 0 0 0 20 0 0 2 0 0 32 76 0 0 0 0 0 0 0 0 0 0 0 0 8 0 0 0 0 0 0 0 0 0 0 0 0 0 0 0 0 89 0 0 0 0 0 0 76 0 2 0 0 0 0 0 0 0 0 0 70 
0 0 0 0 0 0 0 0 0 0 0 0 0 0 0 0 0 0 0 0 0 0 0 0 0 0 0 0 0 0 0 0 0 0 0 0 0 84 0 0 0 0 0 62 0 0 99 0 0 92 19 0 0 0 0 0 0 0 0 0 0 0 0 81 0 0 0 0 0 0 0 0 0 0 0 0 0 0 0 0 1 0 0 0 0 0 0 37 0 23 0 0 0 0 0 0 0 0 0 59 
0 0 0 0 0 0 0 0 0 0 0 0 0 0 0 0 0 0 0 0 0 0 0 0 0 0 0 0 0 0 0 0 0 0 0 0 0 49 8 53 94 52 27 26 0 6 96 19 67 93 49 71 83 71 0 0 76 50 0 25 59 0 45 96 12 0 70 0 0 90 8 0 71 4 0 5 0 0 0 2 37 0 75 0 56 71 27 99 78 32 50 89 0 0 64 66 13 68 10 74 
0 0 0 0 0 0 0 0 0 0 0 0 0 0 0 0 0 0 0 0 0 0 0 0 0 0 0 0 0 0 0 0 0 0 0 0 0 100 68 64 78 67 14 66 15 0 62 17 56 80 0 7 50 25 51 0 30 17 22 88 6 0 47 77 57 0 14 0 0 50 2 70 55 33 96 45 0 0 16 49 11 0 47 52 18 45 44 43 77 46 48 99 0 70 49 44 2 39 28 34 
0 0 0 0 0 0 0 0 0 0 0 0 0 0 0 0 0 0 0 0 0 0 0 0 0 0 0 0 0 0 0 0 0 0 0 0 0 91 22 97 97 46 16 11 85 29 23 6 35 3 44 86 66 78 60 0 92 37 21 56 44 0 1 77 70 0 6 0 0 16 74 93 94 51 80 92 21 20 52 26 18 0 54 66 75 60 81 53 47 24 51 1 0 23 74 47 83 92 20 96 
0 0 0 0 0 0 0 0 0 0 0 0 0 0 0 0 0 0 0 0 0 0 0 0 0 0 0 0 0 0 0 0 0 0 0 0 0 0 0 0 0 0 0 49 0 0 0 0 0 7 36 0 0 0 0 0 0 0 0 0 0 0 0 80 0 0 0 0 0 0 0 0 0 0 0 0 0 0 0 0 44 0 0 0 0 0 0 69 0 7 0 0 0 0 0 0 0 0 0 34 
0 0 0 0 0 0 0 0 0 0 0 0 0 0 0 0 0 0 0 0 0 0 0 0 0 0 0 0 0 0 0 0 0 0 0 0 0 0 0 0 0 0 0 85 0 0 75 0 0 82 60 0 0 0 0 0 0 0 0 0 0 0 0 56 0 0 0 0 0 0 0 0 0 0 0 0 0 0 0 0 62 0 0 0 0 0 0 7 0 50 0 0 0 0 0 0 0 0 0 63 
0 0 0 0 0 0 0 0 0 0 0 0 0 0 0 0 0 0 0 0 0 0 0 0 0 0 0 0 0 0 0 0 0 0 0 0 0 0 0 0 0 0 68 27 0 53 60 23 39 13 12 0 0 0 0 0 34 0 0 0 82 0 91 51 0 0 73 0 0 48 56 0 7 0 0 71 0 0 0 3 38 0 0 0 79 98 22 95 21 21 27 0 0 0 0 26 74 35 19 19 
0 0 0 0 0 0 0 0 0 0 0 0 0 0 0 0 0 0 0 0 0 0 0 0 0 0 0 0 0 0 0 0 0 0 0 0 0 0 0 0 0 0 92 98 0 62 29 89 99 96 5 40 85 40 0 0 98 91 0 18 56 0 97 60 46 0 57 0 0 93 26 0 4 30 0 0 0 0 0 14 33 0 76 0 77 89 64 28 99 11 51 0 0 0 92 66 93 33 41 84 
0 0 0 0 0 0 0 0 0 0 0 0 0 0 0 0 0 0 0 0 0 0 0 0 0 0 0 0 0 0 0 0 0 0 0 0 0 0 0 0 0 0 10 17 0 61 60 99 8 86 34 2 3 57 0 0 84 15 0 87 94 0 97 98 13 0 67 0 0 1 14 0 7 14 0 13 0 0 0 13 76 0 80 0 18 14 61 35 100 56 26 77 0 0 19 65 75 60 57 33 
0 0 0 0 0 0 0 0 0 0 0 0 0 0 0 0 0 0 0 0 0 0 0 0 0 0 0 0 0 0 0 0 0 0 0 0 0 0 0 0 0 0 0 81 0 64 84 0 0 28 78 0 0 0 0 0 0 0 0 0 0 0 0 35 0 0 0 0 0 0 0 0 28 0 0 0 0 0 0 0 15 0 0 0 0 0 0 52 0 12 0 0 0 0 0 0 0 0 0 9 
0 0 0 0 0 0 0 0 0 0 0 0 0 0 0 0 0 0 0 0 0 0 0 0 0 0 0 0 0 0 0 0 0 0 0 0 0 0 0 0 0 0 0 0 0 0 0 0 0 88 3 0 0 0 0 0 0 0 0 0 0 0 0 47 0 0 0 0 0 0 0 0 0 0 0 0 0 0 0 0 0 0 0 0 0 0 0 61 0 0 0 0 0 0 0 0 0 0 0 3 
0 0 0 0 0 0 0 0 0 0 0 0 0 0 0 0 0 0 0 0 0 0 0 0 0 0 0 0 0 0 0 0 0 0 0 0 0 0 0 0 0 0 0 0 0 51 64 81 19 79 8 98 25 26 11 0 54 39 26 19 55 0 60 6 20 0 48 0 0 1 84 49 24 91 57 15 0 0 0 48 85 0 57 0 26 2 52 87 4 55 37 70 0 0 68 29 19 3 56 49 
0 0 0 0 0 0 0 0 0 0 0 0 0 0 0 0 0 0 0 0 0 0 0 0 0 0 0 0 0 0 0 0 0 0 0 0 0 0 0 0 0 0 0 0 0 0 90 0 0 18 32 0 0 0 0 0 0 0 0 0 0 0 0 8 0 0 0 0 0 0 0 0 63 0 0 0 0 0 0 0 78 0 0 0 0 0 0 15 0 21 0 0 0 0 0 0 0 0 0 64 
0 0 0 0 0 0 0 0 0 0 0 0 0 0 0 0 0 0 0 0 0 0 0 0 0 0 0 0 0 0 0 0 0 0 0 0 0 0 0 0 0 0 0 0 0 0 0 0 0 27 63 0 0 0 0 0 0 0 0 0 0 0 0 50 0 0 0 0 0 0 0 0 0 0 0 0 0 0 0 0 78 0 0 0 0 0 0 80 0 46 0 0 0 0 0 0 0 0 0 96 
0 0 0 0 0 0 0 0 0 0 0 0 0 0 0 0 0 0 0 0 0 0 0 0 0 0 0 0 0 0 0 0 0 0 0 0 0 0 0 0 0 0 0 0 0 0 0 0 0 89 62 0 0 0 0 0 0 0 0 0 0 0 44 66 0 0 0 0 0 0 0 0 67 0 0 64 0 0 0 65 24 0 0 0 0 0 0 32 48 11 0 0 0 0 0 0 0 0 0 14 
0 0 0 0 0 0 0 0 0 0 0 0 0 0 0 0 0 0 0 0 0 0 0 0 0 0 0 0 0 0 0 0 0 0 0 0 0 0 0 0 0 0 0 0 0 0 0 0 0 32 27 0 0 0 0 0 0 0 0 0 86 0 76 48 0 0 0 0 0 1 92 0 80 0 0 86 0 0 0 52 82 0 0 0 72 0 88 27 84 60 0 0 0 0 0 78 0 95 71 34 
0 0 0 0 0 0 0 0 0 0 0 0 0 0 0 0 0 0 0 0 0 0 0 0 0 0 0 0 0 0 0 0 0 0 0 0 0 0 0 0 0 0 0 0 0 0 0 0 0 0 87 0 0 0 0 0 0 0 0 0 0 0 0 0 0 0 0 0 0 0 0 0 0 0 0 0 0 0 0 0 0 0 0 0 0 0 0 69 0 0 0 0 0 0 0 0 0 0 0 0 
0 0 0 0 0 0 0 0 0 0 0 0 0 0 0 0 0 0 0 0 0 0 0 0 0 0 0 0 0 0 0 0 0 0 0 0 0 0 0 0 0 0 0 0 0 0 0 0 0 0 0 0 0 0 0 0 0 0 0 0 0 0 0 0 0 0 0 0 0 0 0 0 0 0 0 0 0 0 0 0 0 0 0 0 0 0 0 0 0 0 0 0 0 0 0 0 0 0 0 0 
0 0 0 0 0 0 0 0 0 0 0 0 0 0 0 0 0 0 0 0 0 0 0 0 0 0 0 0 0 0 0 0 0 0 0 0 0 0 0 0 0 0 0 0 0 0 0 0 0 0 0 0 0 0 0 0 75 19 0 19 70 0 87 93 0 0 67 0 0 24 9 0 26 0 0 21 0 0 0 60 98 0 26 0 76 79 76 83 39 63 69 0 0 0 0 58 99 82 18 61 
0 0 0 0 0 0 0 0 0 0 0 0 0 0 0 0 0 0 0 0 0 0 0 0 0 0 0 0 0 0 0 0 0 0 0 0 0 0 0 0 0 0 0 0 0 0 0 0 0 0 0 0 0 69 0 0 39 75 0 67 86 0 69 39 31 0 35 0 0 18 38 0 87 0 0 87 0 0 0 65 13 0 68 0 17 74 77 84 41 39 5 41 0 0 43 53 31 46 44 51 
0 0 0 0 0 0 0 0 0 0 0 0 0 0 0 0 0 0 0 0 0 0 0 0 0 0 0 0 0 0 0 0 0 0 0 0 0 0 0 0 0 0 0 0 0 0 0 0 0 0 0 0 0 0 0 0 29 66 0 100 17 0 5 18 0 0 47 0 0 87 20 0 16 0 0 79 0 0 0 43 37 0 11 0 83 62 43 36 40 54 99 34 0 0 0 25 18 48 79 26 
0 0 0 0 0 0 0 0 0 0 0 0 0 0 0 0 0 0 0 0 0 0 0 0 0 0 0 0 0 0 0 0 0 0 0 0 0 0 0 0 0 0 0 0 0 0 0 0 0 0 0 0 0 0 0 0 62 98 12 22 40 0 8 71 80 0 24 0 0 54 42 54 38 1 1 25 0 0 0 67 28 0 54 0 79 42 59 21 94 1 50 1 0 0 44 64 1 17 87 94 
0 0 0 0 0 0 0 0 0 0 0 0 0 0 0 0 0 0 0 0 0 0 0 0 0 0 0 0 0 0 0 0 0 0 0 0 0 0 0 0 0 0 0 0 0 0 0 0 0 0 0 0 0 0 0 0 31 94 14 4 65 0 81 96 4 0 93 0 0 65 40 64 68 6 71 32 83 18 36 16 12 0 20 27 92 70 87 31 43 44 81 33 0 0 20 61 26 19 66 40 
0 0 0 0 0 0 0 0 0 0 0 0 0 0 0 0 0 0 0 0 0 0 0 0 0 0 0 0 0 0 0 0 0 0 0 0 0 0 0 0 0 0 0 0 0 0 0 0 0 0 0 0 0 0 0 0 0 0 0 0 35 0 25 88 0 0 46 0 0 94 17 0 85 0 0 30 0 0 0 75 48 0 0 0 76 55 37 25 40 56 75 0 0 0 0 83 20 93 43 55 
0 0 0 0 0 0 0 0 0 0 0 0 0 0 0 0 0 0 0 0 0 0 0 0 0 0 0 0 0 0 0 0 0 0 0 0 0 0 0 0 0 0 0 0 0 0 0 0 0 0 0 0 0 0 0 0 0 0 0 0 47 0 33 24 0 0 19 0 0 75 100 0 77 0 0 23 0 0 0 90 65 0 73 0 0 39 80 25 39 71 42 0 0 0 0 71 39 100 57 93 
0 0 0 0 0 0 0 0 0 0 0 0 0 0 0 0 0 0 0 0 0 0 0 0 0 0 0 0 0 0 0 0 0 0 0 0 0 0 0 0 0 0 0 0 0 0 0 0 0 0 0 0 0 0 0 0 0 0 0 5 10 0 13 94 47 0 94 0 0 78 27 60 67 85 29 20 0 0 0 5 76 0 10 0 28 57 49 56 10 27 17 40 0 0 40 34 71 4 67 36 
0 0 0 0 0 0 0 0 0 0 0 0 0 0 0 0 0 0 0 0 0 0 0 0 0 0 0 0 0 0 0 0 0 0 0 0 0 0 0 0 0 0 0 0 0 0 0 0 0 0 0 0 0 0 0 0 0 0 0 0 39 0 90 30 0 0 80 0 0 95 24 0 42 0 0 22 0 0 0 29 58 0 0 0 96 65 84 87 50 64 91 0 0 0 0 71 83 46 98 0 
0 0 0 0 0 0 0 0 0 0 0 0 0 0 0 0 0 0 0 0 0 0 0 0 0 0 0 0 0 0 0 0 0 0 0 0 0 0 0 0 0 0 0 0 0 0 0 0 0 0 0 0 0 0 0 0 0 0 0 0 0 0 4 44 0 0 0 0 0 0 48 0 36 0 0 89 0 0 0 45 29 0 0 0 0 0 0 17 44 86 0 0 0 0 0 0 0 79 39 49 
0 0 0 0 0 0 0 0 0 0 0 0 0 0 0 0 0 0 0 0 0 0 0 0 0 0 0 0 0 0 0 0 0 0 0 0 0 0 0 0 0 0 0 0 0 0 0 0 0 0 0 0 0 0 0 0 0 0 0 0 0 0 98 16 47 84 22 65 66 17 14 94 86 25 91 26 99 68 23 95 72 29 40 15 63 16 53 69 59 29 32 86 80 56 24 78 21 92 13 57 
0 0 0 0 0 0 0 0 0 0 0 0 0 0 0 0 0 0 0 0 0 0 0 0 0 0 0 0 0 0 0 0 0 0 0 0 0 0 0 0 0 0 0 0 0 0 0 0 0 0 0 0 0 0 0 0 0 0 0 0 0 0 0 77 0 0 0 0 0 0 0 0 45 0 0 61 0 0 0 0 31 0 0 0 0 0 0 61 0 97 0 0 0 0 0 0 0 0 0 66 
0 0 0 0 0 0 0 0 0 0 0 0 0 0 0 0 0 0 0 0 0 0 0 0 0 0 0 0 0 0 0 0 0 0 0 0 0 0 0 0 0 0 0 0 0 0 0 0 0 0 0 0 0 0 0 0 0 0 0 0 0 0 0 0 0 0 0 0 0 0 0 0 0 0 0 0 0 0 0 0 0 0 0 0 0 0 0 6 0 0 0 0 0 0 0 0 0 0 0 0 
0 0 0 0 0 0 0 0 0 0 0 0 0 0 0 0 0 0 0 0 0 0 0 0 0 0 0 0 0 0 0 0 0 0 0 0 0 0 0 0 0 0 0 0 0 0 0 0 0 0 0 0 0 0 0 0 0 0 0 0 0 0 0 0 0 0 40 0 0 83 7 0 38 0 0 66 0 0 0 54 58 0 100 0 0 28 43 90 37 6 2 37 0 0 0 65 24 12 2 85 
0 0 0 0 0 0 0 0 0 0 0 0 0 0 0 0 0 0 0 0 0 0 0 0 0 0 0 0 0 0 0 0 0 0 0 0 0 0 0 0 0 0 0 0 0 0 0 0 0 0 0 0 0 0 0 0 0 0 0 0 0 0 0 0 0 0 56 0 0 21 18 69 29 17 65 80 75 32 12 24 44 0 8 87 81 71 63 48 24 75 54 20 0 9 61 15 57 98 35 38 
0 0 0 0 0 0 0 0 0 0 0 0 0 0 0 0 0 0 0 0 0 0 0 0 0 0 0 0 0 0 0 0 0 0 0 0 0 0 0 0 0 0 0 0 0 0 0 0 0 0 0 0 0 0 0 0 0 0 0 0 0 0 0 0 0 0 0 0 0 69 76 0 69 0 0 88 0 0 0 69 68 0 0 0 50 67 57 17 5 60 39 0 0 0 0 15 16 58 67 89 
0 0 0 0 0 0 0 0 0 0 0 0 0 0 0 0 0 0 0 0 0 0 0 0 0 0 0 0 0 0 0 0 0 0 0 0 0 0 0 0 0 0 0 0 0 0 0 0 0 0 0 0 0 0 0 0 0 0 0 0 0 0 0 0 0 0 0 0 0 25 5 29 31 4 22 64 43 18 80 22 78 68 57 57 34 24 52 94 53 27 70 82 0 81 12 44 81 93 9 46 
0 0 0 0 0 0 0 0 0 0 0 0 0 0 0 0 0 0 0 0 0 0 0 0 0 0 0 0 0 0 0 0 0 0 0 0 0 0 0 0 0 0 0 0 0 0 0 0 0 0 0 0 0 0 0 0 0 0 0 0 0 0 0 0 0 0 0 0 0 51 94 94 86 10 96 51 89 41 59 22 80 6 91 90 0 46 92 42 68 79 47 78 0 4 40 19 59 11 42 58 
0 0 0 0 0 0 0 0 0 0 0 0 0 0 0 0 0 0 0 0 0 0 0 0 0 0 0 0 0 0 0 0 0 0 0 0 0 0 0 0 0 0 0 0 0 0 0 0 0 0 0 0 0 0 0 0 0 0 0 0 0 0 0 0 0 0 0 0 0 0 59 0 72 0 0 22 0 0 0 12 3 0 0 0 10 0 0 34 79 77 0 0 0 0 0 33 0 67 58 8 
0 0 0 0 0 0 0 0 0 0 0 0 0 0 0 0 0 0 0 0 0 0 0 0 0 0 0 0 0 0 0 0 0 0 0 0 0 0 0 0 0 0 0 0 0 0 0 0 0 0 0 0 0 0 0 0 0 0 0 0 0 0 0 0 0 0 0 0 0 0 0 0 70 0 0 8 0 0 0 11 55 0 0 0 0 0 0 29 47 92 0 0 0 0 0 0 0 0 17 71 
0 0 0 0 0 0 0 0 0 0 0 0 0 0 0 0 0 0 0 0 0 0 0 0 0 0 0 0 0 0 0 0 0 0 0 0 0 0 0 0 0 0 0 0 0 0 0 0 0 0 0 0 0 0 0 0 0 0 0 0 0 0 0 0 0 0 0 0 0 0 0 0 3 66 30 43 0 0 0 91 96 0 17 0 64 27 34 96 70 86 11 84 0 0 98 76 12 26 17 53 
0 0 0 0 0 0 0 0 0 0 0 0 0 0 0 0 0 0 0 0 0 0 0 0 0 0 0 0 0 0 0 0 0 0 0 0 0 0 0 0 0 0 0 0 0 0 0 0 0 0 0 0 0 0 0 0 0 0 0 0 0 0 0 0 0 0 0 0 0 0 0 0 0 0 0 0 0 0 0 0 28 0 0 0 0 0 0 96 0 28 0 0 0 0 0 0 0 0 0 74 
0 0 0 0 0 0 0 0 0 0 0 0 0 0 0 0 0 0 0 0 0 0 0 0 0 0 0 0 0 0 0 0 0 0 0 0 0 0 0 0 0 0 0 0 0 0 0 0 0 0 0 0 0 0 0 0 0 0 0 0 0 0 0 0 0 0 0 0 0 0 0 0 0 0 0 39 0 0 0 74 43 0 9 0 50 86 98 33 26 4 51 81 0 0 95 100 74 47 15 75 
0 0 0 0 0 0 0 0 0 0 0 0 0 0 0 0 0 0 0 0 0 0 0 0 0 0 0 0 0 0 0 0 0 0 0 0 0 0 0 0 0 0 0 0 0 0 0 0 0 0 0 0 0 0 0 0 0 0 0 0 0 0 0 0 0 0 0 0 0 0 0 0 0 0 0 13 0 0 0 82 76 0 6 0 67 60 74 65 22 87 80 37 0 0 69 27 30 26 55 82 
0 0 0 0 0 0 0 0 0 0 0 0 0 0 0 0 0 0 0 0 0 0 0 0 0 0 0 0 0 0 0 0 0 0 0 0 0 0 0 0 0 0 0 0 0 0 0 0 0 0 0 0 0 0 0 0 0 0 0 0 0 0 0 0 0 0 0 0 0 0 0 0 0 0 0 0 0 0 0 0 83 0 0 0 0 0 0 11 0 7 0 0 0 0 0 0 0 0 0 78 
0 0 0 0 0 0 0 0 0 0 0 0 0 0 0 0 0 0 0 0 0 0 0 0 0 0 0 0 0 0 0 0 0 0 0 0 0 0 0 0 0 0 0 0 0 0 0 0 0 0 0 0 0 0 0 0 0 0 0 0 0 0 0 0 0 0 0 0 0 0 0 0 0 0 0 0 0 0 49 69 20 0 27 77 91 33 77 43 74 46 39 88 0 90 1 88 46 76 97 8 
0 0 0 0 0 0 0 0 0 0 0 0 0 0 0 0 0 0 0 0 0 0 0 0 0 0 0 0 0 0 0 0 0 0 0 0 0 0 0 0 0 0 0 0 0 0 0 0 0 0 0 0 0 0 0 0 0 0 0 0 0 0 0 0 0 0 0 0 0 0 0 0 0 0 0 0 0 0 54 16 19 0 31 20 76 77 86 60 35 13 29 77 0 15 6 81 98 13 20 71 
0 0 0 0 0 0 0 0 0 0 0 0 0 0 0 0 0 0 0 0 0 0 0 0 0 0 0 0 0 0 0 0 0 0 0 0 0 0 0 0 0 0 0 0 0 0 0 0 0 0 0 0 0 0 0 0 0 0 0 0 0 0 0 0 0 0 0 0 0 0 0 0 0 0 0 0 0 0 0 37 54 0 37 28 90 25 32 71 31 65 9 63 0 0 43 12 52 86 24 11 
0 0 0 0 0 0 0 0 0 0 0 0 0 0 0 0 0 0 0 0 0 0 0 0 0 0 0 0 0 0 0 0 0 0 0 0 0 0 0 0 0 0 0 0 0 0 0 0 0 0 0 0 0 0 0 0 0 0 0 0 0 0 0 0 0 0 0 0 0 0 0 0 0 0 0 0 0 0 0 0 40 0 0 0 0 0 0 28 0 0 0 0 0 0 0 0 0 0 0 36 
0 0 0 0 0 0 0 0 0 0 0 0 0 0 0 0 0 0 0 0 0 0 0 0 0 0 0 0 0 0 0 0 0 0 0 0 0 0 0 0 0 0 0 0 0 0 0 0 0 0 0 0 0 0 0 0 0 0 0 0 0 0 0 0 0 0 0 0 0 0 0 0 0 0 0 0 0 0 0 0 0 0 0 0 0 0 0 53 0 73 0 0 0 0 0 0 0 0 0 13 
0 0 0 0 0 0 0 0 0 0 0 0 0 0 0 0 0 0 0 0 0 0 0 0 0 0 0 0 0 0 0 0 0 0 0 0 0 0 0 0 0 0 0 0 0 0 0 0 0 0 0 0 0 0 0 0 0 0 0 0 0 0 0 0 0 0 0 0 0 0 0 0 0 0 0 0 0 0 0 0 0 0 4 28 21 31 65 63 33 72 4 47 0 1 50 57 68 50 74 88 
0 0 0 0 0 0 0 0 0 0 0 0 0 0 0 0 0 0 0 0 0 0 0 0 0 0 0 0 0 0 0 0 0 0 0 0 0 0 0 0 0 0 0 0 0 0 0 0 0 0 0 0 0 0 0 0 0 0 0 0 0 0 0 0 0 0 0 0 0 0 0 0 0 0 0 0 0 0 0 0 0 0 0 0 43 5 56 72 59 56 98 0 0 0 0 75 66 34 99 1 
0 0 0 0 0 0 0 0 0 0 0 0 0 0 0 0 0 0 0 0 0 0 0 0 0 0 0 0 0 0 0 0 0 0 0 0 0 0 0 0 0 0 0 0 0 0 0 0 0 0 0 0 0 0 0 0 0 0 0 0 0 0 0 0 0 0 0 0 0 0 0 0 0 0 0 0 0 0 0 0 0 0 0 0 52 1 88 9 100 77 49 97 0 0 7 71 19 98 79 91 
0 0 0 0 0 0 0 0 0 0 0 0 0 0 0 0 0 0 0 0 0 0 0 0 0 0 0 0 0 0 0 0 0 0 0 0 0 0 0 0 0 0 0 0 0 0 0 0 0 0 0 0 0 0 0 0 0 0 0 0 0 0 0 0 0 0 0 0 0 0 0 0 0 0 0 0 0 0 0 0 0 0 0 0 0 0 0 75 81 83 0 0 0 0 0 13 0 4 71 79 
0 0 0 0 0 0 0 0 0 0 0 0 0 0 0 0 0 0 0 0 0 0 0 0 0 0 0 0 0 0 0 0 0 0 0 0 0 0 0 0 0 0 0 0 0 0 0 0 0 0 0 0 0 0 0 0 0 0 0 0 0 0 0 0 0 0 0 0 0 0 0 0 0 0 0 0 0 0 0 0 0 0 0 0 0 0 42 30 51 95 0 0 0 0 0 3 22 9 78 50 
0 0 0 0 0 0 0 0 0 0 0 0 0 0 0 0 0 0 0 0 0 0 0 0 0 0 0 0 0 0 0 0 0 0 0 0 0 0 0 0 0 0 0 0 0 0 0 0 0 0 0 0 0 0 0 0 0 0 0 0 0 0 0 0 0 0 0 0 0 0 0 0 0 0 0 0 0 0 0 0 0 0 0 0 0 0 0 68 29 56 0 0 0 0 0 58 0 27 56 41 
0 0 0 0 0 0 0 0 0 0 0 0 0 0 0 0 0 0 0 0 0 0 0 0 0 0 0 0 0 0 0 0 0 0 0 0 0 0 0 0 0 0 0 0 0 0 0 0 0 0 0 0 0 0 0 0 0 0 0 0 0 0 0 0 0 0 0 0 0 0 0 0 0 0 0 0 0 0 0 0 0 0 0 0 0 0 0 0 0 0 0 0 0 0 0 0 0 0 0 0 
0 0 0 0 0 0 0 0 0 0 0 0 0 0 0 0 0 0 0 0 0 0 0 0 0 0 0 0 0 0 0 0 0 0 0 0 0 0 0 0 0 0 0 0 0 0 0 0 0 0 0 0 0 0 0 0 0 0 0 0 0 0 0 0 0 0 0 0 0 0 0 0 0 0 0 0 0 0 0 0 0 0 0 0 0 0 0 0 0 39 0 0 0 0 0 0 0 0 0 69 
0 0 0 0 0 0 0 0 0 0 0 0 0 0 0 0 0 0 0 0 0 0 0 0 0 0 0 0 0 0 0 0 0 0 0 0 0 0 0 0 0 0 0 0 0 0 0 0 0 0 0 0 0 0 0 0 0 0 0 0 0 0 0 0 0 0 0 0 0 0 0 0 0 0 0 0 0 0 0 0 0 0 0 0 0 0 0 0 0 0 0 0 0 0 0 0 0 0 0 85 
0 0 0 0 0 0 0 0 0 0 0 0 0 0 0 0 0 0 0 0 0 0 0 0 0 0 0 0 0 0 0 0 0 0 0 0 0 0 0 0 0 0 0 0 0 0 0 0 0 0 0 0 0 0 0 0 0 0 0 0 0 0 0 0 0 0 0 0 0 0 0 0 0 0 0 0 0 0 0 0 0 0 0 0 0 0 0 0 0 0 0 0 0 0 0 64 53 85 45 24 
0 0 0 0 0 0 0 0 0 0 0 0 0 0 0 0 0 0 0 0 0 0 0 0 0 0 0 0 0 0 0 0 0 0 0 0 0 0 0 0 0 0 0 0 0 0 0 0 0 0 0 0 0 0 0 0 0 0 0 0 0 0 0 0 0 0 0 0 0 0 0 0 0 0 0 0 0 0 0 0 0 0 0 0 0 0 0 0 0 0 0 0 0 0 0 73 76 100 69 13 
0 0 0 0 0 0 0 0 0 0 0 0 0 0 0 0 0 0 0 0 0 0 0 0 0 0 0 0 0 0 0 0 0 0 0 0 0 0 0 0 0 0 0 0 0 0 0 0 0 0 0 0 0 0 0 0 0 0 0 0 0 0 0 0 0 0 0 0 0 0 0 0 0 0 0 0 0 0 0 0 0 0 0 0 0 0 0 0 0 0 0 0 0 94 47 94 14 83 79 72 
0 0 0 0 0 0 0 0 0 0 0 0 0 0 0 0 0 0 0 0 0 0 0 0 0 0 0 0 0 0 0 0 0 0 0 0 0 0 0 0 0 0 0 0 0 0 0 0 0 0 0 0 0 0 0 0 0 0 0 0 0 0 0 0 0 0 0 0 0 0 0 0 0 0 0 0 0 0 0 0 0 0 0 0 0 0 0 0 0 0 0 0 0 0 58 15 78 13 7 18 
0 0 0 0 0 0 0 0 0 0 0 0 0 0 0 0 0 0 0 0 0 0 0 0 0 0 0 0 0 0 0 0 0 0 0 0 0 0 0 0 0 0 0 0 0 0 0 0 0 0 0 0 0 0 0 0 0 0 0 0 0 0 0 0 0 0 0 0 0 0 0 0 0 0 0 0 0 0 0 0 0 0 0 0 0 0 0 0 0 0 0 0 0 0 0 86 19 27 5 58 
0 0 0 0 0 0 0 0 0 0 0 0 0 0 0 0 0 0 0 0 0 0 0 0 0 0 0 0 0 0 0 0 0 0 0 0 0 0 0 0 0 0 0 0 0 0 0 0 0 0 0 0 0 0 0 0 0 0 0 0 0 0 0 0 0 0 0 0 0 0 0 0 0 0 0 0 0 0 0 0 0 0 0 0 0 0 0 0 0 0 0 0 0 0 0 0 0 45 72 69 
0 0 0 0 0 0 0 0 0 0 0 0 0 0 0 0 0 0 0 0 0 0 0 0 0 0 0 0 0 0 0 0 0 0 0 0 0 0 0 0 0 0 0 0 0 0 0 0 0 0 0 0 0 0 0 0 0 0 0 0 0 0 0 0 0 0 0 0 0 0 0 0 0 0 0 0 0 0 0 0 0 0 0 0 0 0 0 0 0 0 0 0 0 0 0 0 0 56 2 69 
0 0 0 0 0 0 0 0 0 0 0 0 0 0 0 0 0 0 0 0 0 0 0 0 0 0 0 0 0 0 0 0 0 0 0 0 0 0 0 0 0 0 0 0 0 0 0 0 0 0 0 0 0 0 0 0 0 0 0 0 0 0 0 0 0 0 0 0 0 0 0 0 0 0 0 0 0 0 0 0 0 0 0 0 0 0 0 0 0 0 0 0 0 0 0 0 0 0 74 33 
0 0 0 0 0 0 0 0 0 0 0 0 0 0 0 0 0 0 0 0 0 0 0 0 0 0 0 0 0 0 0 0 0 0 0 0 0 0 0 0 0 0 0 0 0 0 0 0 0 0 0 0 0 0 0 0 0 0 0 0 0 0 0 0 0 0 0 0 0 0 0 0 0 0 0 0 0 0 0 0 0 0 0 0 0 0 0 0 0 0 0 0 0 0 0 0 0 0 0 78 
0 0 0 0 0 0 0 0 0 0 0 0 0 0 0 0 0 0 0 0 0 0 0 0 0 0 0 0 0 0 0 0 0 0 0 0 0 0 0 0 0 0 0 0 0 0 0 0 0 0 0 0 0 0 0 0 0 0 0 0 0 0 0 0 0 0 0 0 0 0 0 0 0 0 0 0 0 0 0 0 0 0 0 0 0 0 0 0 0 0 0 0 0 0 0 0 0 0 0 0 
