60 
0 94 73 81 66 94 16 66 35 85 2 82 16 18 15 18 93 10 19 85 57 11 14 96 80 5 87 45 8 6 20 9 21 2 91 51 2 55 25 72 97 43 8 2 63 26 71 20 8 91 67 90 71 26 50 34 87 54 25 22 
94 0 9 75 44 48 63 80 92 98 56 100 42 53 69 26 33 62 47 45 86 67 10 54 93 65 64 18 82 100 34 64 43 83 84 5 58 94 76 89 48 42 68 48 80 36 48 14 71 42 12 24 94 10 20 49 59 24 52 79 
73 9 0 10 93 72 7 84 7 23 100 100 33 82 17 68 65 29 59 61 67 7 19 77 30 87 10 98 98 87 16 36 28 91 46 80 4 61 92 5 81 63 27 35 28 70 77 60 75 25 96 68 46 24 12 20 98 54 57 11 
81 75 10 0 57 91 79 30 98 51 77 80 84 46 36 67 32 87 9 34 100 68 47 2 35 82 82 88 18 19 18 93 13 36 26 11 48 20 75 64 84 84 60 68 10 82 100 90 87 54 95 45 93 29 75 63 62 11 18 68 
66 44 93 57 0 88 1 63 74 94 55 10 53 89 73 39 18 83 6 63 4 11 3 75 66 74 19 42 31 37 35 58 27 62 90 2 30 75 29 42 68 90 98 75 26 38 43 32 26 68 43 22 5 92 55 21 78 23 76 99 
94 48 72 91 88 0 32 66 64 18 99 85 3 94 1 2 67 72 87 90 12 53 47 10 8 19 24 2 63 17 26 81 73 22 58 66 87 52 24 91 66 63 35 9 20 99 13 3 28 39 99 29 33 21 79 72 56 16 45 47 
16 63 7 79 1 32 0 24 16 43 97 36 98 42 84 13 71 36 14 89 92 3 13 99 68 67 88 84 62 78 66 72 5 95 41 96 63 32 56 25 19 66 94 92 94 96 9 70 51 87 13 7 58 60 74 81 12 33 26 27 
66 80 84 30 63 66 24 0 1 35 47 80 34 59 51 32 89 45 63 31 1 12 83 36 65 73 84 99 36 91 36 74 12 59 32 58 96 4 71 89 26 36 19 69 96 34 98 43 50 47 18 8 93 91 57 77 21 70 16 75 
35 92 7 98 74 64 16 1 0 99 32 89 41 25 15 95 86 25 84 39 49 95 68 11 41 87 4 7 59 20 100 46 70 79 34 22 37 55 58 35 54 83 59 76 100 71 76 30 75 9 66 78 73 91 47 9 70 39 85 35 
85 98 23 51 94 18 43 35 99 0 30 93 72 100 61 80 82 81 81 15 81 47 12 65 28 23 24 85 21 29 73 26 69 77 6 87 11 21 79 80 75 77 62 27 44 70 40 14 15 26 49 62 46 77 62 42 17 12 82 82 
2 56 100 77 55 99 97 47 32 30 0 5 99 48 3 24 71 33 5 28 56 66 88 93 45 21 51 68 12 54 2 86 69 5 52 98 53 47 23 42 49 34 77 69 54 30 49 79 69 71 97 27 96 35 5 12 18 6 45 44 
82 100 100 80 10 85 36 80 89 93 5 0 72 92 34 87 9 48 78 23 44 3 28 35 26 90 45 5 13 8 81 57 34 62 80 75 11 8 61 16 8 75 67 70 33 10 24 21 81 94 83 69 36 18 89 71 24 15 36 83 
16 42 33 84 53 3 98 34 41 72 99 72 0 34 28 37 20 97 85 24 16 91 52 39 8 13 59 9 4 61 42 92 64 21 38 86 58 18 19 35 40 59 14 21 12 5 25 28 88 79 22 32 57 55 9 57 60 47 60 54 
18 53 82 46 89 94 42 59 25 100 48 92 34 0 34 54 51 55 15 34 63 91 87 99 42 44 31 61 6 98 93 74 40 3 64 97 12 97 94 37 93 44 6 16 6 54 81 81 54 99 11 93 38 96 100 29 19 38 2 13 
15 69 17 36 73 1 84 51 15 61 3 34 28 34 0 66 92 29 64 85 61 93 55 28 84 23 50 52 53 36 72 14 46 72 78 27 14 66 11 35 64 32 88 62 69 75 96 30 45 40 11 86 64 79 47 15 30 85 97 83 
18 26 68 67 39 2 13 32 95 80 24 87 37 54 66 0 64 53 90 5 67 55 49 60 88 97 30 63 17 51 2 44 18 29 16 63 76 82 29 94 47 18 70 63 96 60 92 6 27 97 98 88 87 8 32 74 12 7 72 58 
93 33 65 32 18 67 71 89 86 82 71 9 20 51 92 64 0 99 43 36 98 79 47 44 9 72 53 97 28 76 93 51 92 68 84 65 27 24 56 41 30 3 89 71 97 48 13 54 45 88 25 53 39 30 12 63 4 70 99 47 
10 62 29 87 83 72 36 45 25 81 33 48 97 55 29 53 99 0 6 16 23 55 57 41 12 82 21 94 59 19 52 11 41 44 25 9 31 33 72 77 37 52 73 86 67 28 70 13 32 33 49 64 3 75 21 62 97 49 19 31 
19 47 59 9 6 87 14 63 84 81 5 78 85 15 64 90 43 6 0 48 73 79 76 24 10 39 94 85 1 97 68 86 72 10 29 7 33 63 67 16 35 90 74 12 39 36 51 89 51 15 67 53 72 12 33 47 3 13 43 21 
85 45 61 34 63 90 89 31 39 15 28 23 24 34 85 5 36 16 48 0 70 54 84 10 74 9 37 3 3 46 60 42 89 29 28 95 23 67 98 56 7 31 98 14 1 71 3 63 65 85 99 60 13 76 39 28 25 64 77 94 
57 86 67 100 4 12 92 1 49 81 56 44 16 63 61 67 98 23 73 70 0 26 30 75 61 5 66 79 3 15 5 67 85 43 51 43 73 69 18 22 19 92 74 65 69 42 82 86 67 86 40 58 54 13 48 15 82 100 56 72 
11 67 7 68 11 53 3 12 95 47 66 3 91 91 93 55 79 55 79 54 26 0 93 55 48 9 72 83 1 62 43 74 2 23 65 33 78 9 45 88 3 68 16 11 91 11 40 33 44 1 3 80 46 10 23 39 25 21 57 36 
14 10 19 47 3 47 13 83 68 12 88 28 52 87 55 49 47 57 76 84 30 93 0 36 72 30 100 12 12 78 97 44 69 86 85 47 72 37 45 8 91 58 83 87 1 82 51 60 55 30 34 69 52 100 78 57 60 9 48 93 
96 54 77 2 75 10 99 36 11 65 93 35 39 99 28 60 44 41 24 10 75 55 36 0 50 55 100 93 92 72 11 80 88 5 47 88 64 51 34 63 82 59 94 83 54 34 94 63 65 95 92 88 46 93 44 60 14 17 23 40 
80 93 30 35 66 8 68 65 41 28 45 26 8 42 84 88 9 12 10 74 61 48 72 50 0 16 2 26 29 22 24 84 11 34 75 1 32 7 60 42 6 2 54 97 16 10 100 75 51 64 99 80 95 3 78 6 1 2 5 52 
5 65 87 82 74 19 67 73 87 23 21 90 13 44 23 97 72 82 39 9 5 9 30 55 16 0 28 74 36 56 81 1 1 65 47 24 34 64 98 69 88 44 7 57 97 52 54 89 12 18 21 69 2 38 54 15 16 64 87 25 
87 64 10 82 19 24 88 84 4 24 51 45 59 31 50 30 53 21 94 37 66 72 100 100 2 28 0 46 36 13 45 47 99 58 32 50 33 87 3 65 19 11 68 26 12 10 25 98 12 71 92 22 72 34 79 40 46 73 61 49 
45 18 98 88 42 2 84 99 7 85 68 5 9 61 52 63 97 94 85 3 79 83 12 93 26 74 46 0 64 21 7 29 73 29 47 17 70 54 86 59 77 85 63 55 10 12 98 24 26 70 97 12 81 2 10 84 37 96 89 75 
8 82 98 18 31 63 62 36 59 21 12 13 4 6 53 17 28 59 1 3 3 1 12 92 29 36 36 64 0 54 78 11 22 70 14 28 35 95 26 89 90 83 26 99 7 32 91 57 55 61 45 19 29 17 70 93 73 18 11 18 
6 100 87 19 37 17 78 91 20 29 54 8 61 98 36 51 76 19 97 46 15 62 78 72 22 56 13 21 54 0 45 37 87 80 57 24 12 39 42 10 67 90 45 100 1 72 48 67 40 26 34 74 27 17 30 95 84 82 17 94 
20 34 16 18 35 26 66 36 100 73 2 81 42 93 72 2 93 52 68 60 5 43 97 11 24 81 45 7 78 45 0 49 70 83 39 94 12 23 56 5 17 93 80 100 30 3 52 56 62 2 87 78 33 38 61 62 46 24 80 73 
9 64 36 93 58 81 72 74 46 26 86 57 92 74 14 44 51 11 86 42 67 74 44 80 84 1 47 29 11 37 49 0 39 87 78 53 34 91 4 77 96 74 41 57 48 56 8 97 61 82 76 66 21 45 79 85 96 15 67 28 
21 43 28 13 27 73 5 12 70 69 69 34 64 40 46 18 92 41 72 89 85 2 69 88 11 1 99 73 22 87 70 39 0 91 34 80 39 66 53 53 72 66 32 75 82 5 8 48 63 76 2 61 63 32 81 46 35 77 59 100 
2 83 91 36 62 22 95 59 79 77 5 62 21 3 72 29 68 44 10 29 43 23 86 5 34 65 58 29 70 80 83 87 91 0 5 80 74 10 22 84 98 1 45 70 25 79 7 24 45 25 25 52 100 67 55 39 97 17 34 49 
91 84 46 26 90 58 41 32 34 6 52 80 38 64 78 16 84 25 29 28 51 65 85 47 75 47 32 47 14 57 39 78 34 5 0 69 3 28 85 60 47 39 100 96 26 64 80 74 1 96 92 8 6 86 59 5 62 10 84 34 
51 5 80 11 2 66 96 58 22 87 98 75 86 97 27 63 65 9 7 95 43 33 47 88 1 24 50 17 28 24 94 53 80 80 69 0 25 91 16 42 74 49 36 8 32 46 86 64 5 90 91 52 91 40 89 94 78 11 76 40 
2 58 4 48 30 87 63 96 37 11 53 11 58 12 14 76 27 31 33 23 73 78 72 64 32 34 33 70 35 12 12 34 39 74 3 25 0 56 8 61 38 98 92 37 58 28 79 18 30 35 57 72 71 22 13 56 89 41 98 73 
55 94 61 20 75 52 32 4 55 21 47 8 18 97 66 82 24 33 63 67 69 9 37 51 7 64 87 54 95 39 23 91 66 10 28 91 56 0 95 49 92 44 49 55 91 31 97 8 44 86 2 92 87 20 85 87 25 21 71 76 
25 76 92 75 29 24 56 71 58 79 23 61 19 94 11 29 56 72 67 98 18 45 45 34 60 98 3 86 26 42 56 4 53 22 85 16 8 95 0 17 61 87 14 36 78 53 97 90 33 92 32 86 94 18 79 29 100 45 38 78 
72 89 5 64 42 91 25 89 35 80 42 16 35 37 35 94 41 77 16 56 22 88 8 63 42 69 65 59 89 10 5 77 53 84 60 42 61 49 17 0 25 17 20 22 66 26 48 18 5 98 49 75 84 6 99 87 68 64 36 41 
97 48 81 84 68 66 19 26 54 75 49 8 40 93 64 47 30 37 35 7 19 3 91 82 6 88 19 77 90 67 17 96 72 98 47 74 38 92 61 25 0 3 76 74 84 37 81 52 69 32 24 29 74 45 57 24 67 8 44 40 
43 42 63 84 90 63 66 36 83 77 34 75 59 44 32 18 3 52 90 31 92 68 58 59 2 44 11 85 83 90 93 74 66 1 39 49 98 44 87 17 3 0 43 53 25 59 67 37 22 97 97 37 77 69 45 18 55 29 64 39 
8 68 27 60 98 35 94 19 59 62 77 67 14 6 88 70 89 73 74 98 74 16 83 94 54 7 68 63 26 45 80 41 32 45 100 36 92 49 14 20 76 43 0 29 63 21 60 21 51 29 62 82 74 83 74 79 99 52 2 100 
2 48 35 68 75 9 92 69 76 27 69 70 21 16 62 63 71 86 12 14 65 11 87 83 97 57 26 55 99 100 100 57 75 70 96 8 37 55 36 22 74 53 29 0 67 38 26 72 46 91 40 64 92 81 32 54 46 42 76 72 
63 80 28 10 26 20 94 96 100 44 54 33 12 6 69 96 97 67 39 1 69 91 1 54 16 97 12 10 7 1 30 48 82 25 26 32 58 91 78 66 84 25 63 67 0 77 14 66 97 90 74 79 14 81 93 100 13 60 68 68 
26 36 70 82 38 99 96 34 71 70 30 10 5 54 75 60 48 28 36 71 42 11 82 34 10 52 10 12 32 72 3 56 5 79 64 46 28 31 53 26 37 59 21 38 77 0 65 27 95 15 100 69 9 77 99 2 81 7 75 61 
71 48 77 100 43 13 9 98 76 40 49 24 25 81 96 92 13 70 51 3 82 40 51 94 100 54 25 98 91 48 52 8 8 7 80 86 79 97 97 48 81 67 60 26 14 65 0 74 59 69 86 18 62 99 27 85 19 99 7 22 
20 14 60 90 32 3 70 43 30 14 79 21 28 81 30 6 54 13 89 63 86 33 60 63 75 89 98 24 57 67 56 97 48 24 74 64 18 8 90 18 52 37 21 72 66 27 74 0 80 77 84 60 6 87 98 67 86 56 71 39 
8 71 75 87 26 28 51 50 75 15 69 81 88 54 45 27 45 32 51 65 67 44 55 65 51 12 12 26 55 40 62 61 63 45 1 5 30 44 33 5 69 22 51 46 97 95 59 80 0 32 90 23 72 9 62 68 11 48 32 90 
91 42 25 54 68 39 87 47 9 26 71 94 79 99 40 97 88 33 15 85 86 1 30 95 64 18 71 70 61 26 2 82 76 25 96 90 35 86 92 98 32 97 29 91 90 15 69 77 32 0 67 66 96 82 61 69 48 45 34 4 
67 12 96 95 43 99 13 18 66 49 97 83 22 11 11 98 25 49 67 99 40 3 34 92 99 21 92 97 45 34 87 76 2 25 92 91 57 2 32 49 24 97 62 40 74 100 86 84 90 67 0 91 50 95 60 73 93 14 86 97 
90 24 68 45 22 29 7 8 78 62 27 69 32 93 86 88 53 64 53 60 58 80 69 88 80 69 22 12 19 74 78 66 61 52 8 52 72 92 86 75 29 37 82 64 79 69 18 60 23 66 91 0 49 60 68 73 34 98 92 94 
71 94 46 93 5 33 58 93 73 46 96 36 57 38 64 87 39 3 72 13 54 46 52 46 95 2 72 81 29 27 33 21 63 100 6 91 71 87 94 84 74 77 74 92 14 9 62 6 72 96 50 49 0 98 33 32 62 58 75 96 
26 10 24 29 92 21 60 91 91 77 35 18 55 96 79 8 30 75 12 76 13 10 100 93 3 38 34 2 17 17 38 45 32 67 86 40 22 20 18 6 45 69 83 81 81 77 99 87 9 82 95 60 98 0 28 55 63 32 47 73 
50 20 12 75 55 79 74 57 47 62 5 89 9 100 47 32 12 21 33 39 48 23 78 44 78 54 79 10 70 30 61 79 81 55 59 89 13 85 79 99 57 45 74 32 93 99 27 98 62 61 60 68 33 28 0 96 2 63 29 5 
34 49 20 63 21 72 81 77 9 42 12 71 57 29 15 74 63 62 47 28 15 39 57 60 6 15 40 84 93 95 62 85 46 39 5 94 56 87 29 87 24 18 79 54 100 2 85 67 68 69 73 73 32 55 96 0 76 100 47 78 
87 59 98 62 78 56 12 21 70 17 18 24 60 19 30 12 4 97 3 25 82 25 60 14 1 16 46 37 73 84 46 96 35 97 62 78 89 25 100 68 67 55 99 46 13 81 19 86 11 48 93 34 62 63 2 76 0 9 21 95 
54 24 54 11 23 16 33 70 39 12 6 15 47 38 85 7 70 49 13 64 100 21 9 17 2 64 73 96 18 82 24 15 77 17 10 11 41 21 45 64 8 29 52 42 60 7 99 56 48 45 14 98 58 32 63 100 9 0 80 59 
25 52 57 18 76 45 26 16 85 82 45 36 60 2 97 72 99 19 43 77 56 57 48 23 5 87 61 89 11 17 80 67 59 34 84 76 98 71 38 36 44 64 2 76 68 75 7 71 32 34 86 92 75 47 29 47 21 80 0 66 
22 79 11 68 99 47 27 75 35 82 44 83 54 13 83 58 47 31 21 94 72 36 93 40 52 25 49 75 18 94 73 28 100 49 34 40 73 76 78 41 40 39 100 72 68 61 22 39 90 4 97 94 96 73 5 78 95 59 66 0 
0 51 0 17 67 0 56 0 0 12 40 0 29 0 0 0 98 69 92 86 0 5 0 0 96 0 69 76 0 31 0 88 0 35 0 47 78 0 85 83 50 68 22 0 0 90 16 64 66 15 0 48 89 29 67 0 71 0 0 0 
0 0 0 69 0 0 49 0 0 0 0 0 0 0 0 0 0 0 70 62 0 0 0 0 0 0 0 0 0 36 0 0 0 0 0 0 80 0 0 0 0 0 0 0 0 0 0 0 0 0 0 0 0 0 0 0 0 0 0 0 
0 0 0 27 54 0 51 0 23 22 52 46 79 0 0 0 82 30 21 19 0 99 0 14 55 0 50 25 0 0 0 60 43 2 0 19 33 0 67 47 91 51 75 0 0 2 76 62 9 73 40 61 26 9 19 0 11 0 0 0 
0 0 0 0 0 0 0 0 0 0 0 0 0 0 0 0 0 0 47 0 0 0 0 0 0 0 0 0 0 95 0 0 0 0 0 0 0 0 0 0 0 0 0 0 0 0 0 0 0 0 0 0 0 0 0 0 0 0 0 0 
0 0 0 0 0 0 5 0 0 0 99 0 0 0 0 0 64 10 60 21 0 51 0 0 82 0 99 60 0 27 0 90 0 6 0 0 6 0 72 25 88 53 0 0 0 0 22 93 55 3 0 16 82 0 71 0 75 0 0 0 
0 0 0 0 0 0 35 0 10 96 19 43 50 0 0 19 46 3 50 53 11 57 0 45 63 0 52 51 12 37 49 6 20 23 0 16 57 82 96 77 20 39 50 22 89 26 41 46 49 98 77 35 84 4 62 32 47 0 81 5 
0 0 0 0 0 0 0 0 0 0 0 0 0 0 0 0 0 0 6 70 0 0 0 0 0 0 0 0 0 3 0 0 0 0 0 0 47 0 0 0 0 0 0 0 0 0 0 0 0 0 0 0 0 0 0 0 0 0 0 0 
0 0 0 0 0 0 0 0 47 45 67 31 27 40 0 73 63 46 34 7 33 55 33 81 42 0 0 36 100 17 29 26 25 60 50 98 23 20 18 52 46 9 27 44 81 89 31 82 35 51 30 17 53 50 62 28 76 34 74 28 
0 0 0 0 0 0 0 0 0 63 60 0 96 0 0 0 56 1 41 86 0 98 0 0 57 0 1 34 0 61 0 94 0 36 0 88 68 0 79 41 5 70 3 0 0 93 36 63 33 95 33 88 64 3 13 0 80 0 0 0 
0 0 0 0 0 0 0 0 0 0 27 0 25 0 0 0 52 3 59 21 0 83 0 0 74 0 49 59 0 9 0 7 0 65 0 11 97 0 5 87 54 34 46 0 0 60 37 57 50 57 0 98 64 41 54 0 73 0 0 0 
0 0 0 0 0 0 0 0 0 0 0 0 0 0 0 0 0 65 80 1 0 48 0 0 44 0 0 0 0 62 0 64 0 71 0 0 66 0 54 0 0 0 0 0 0 0 0 67 70 0 0 0 0 0 0 0 0 0 0 0 
0 0 0 0 0 0 0 0 0 0 0 0 4 0 0 0 25 90 32 50 0 39 0 0 33 0 75 100 0 96 0 23 0 4 0 63 24 0 45 43 0 87 57 0 0 46 39 44 5 71 17 35 14 92 63 0 47 0 0 0 
0 0 0 0 0 0 0 0 0 0 0 0 0 0 0 0 38 55 89 96 0 21 0 0 36 0 33 30 0 22 0 99 0 37 0 33 98 0 34 30 11 5 5 0 0 32 66 39 27 62 0 14 53 74 41 0 78 0 0 0 
0 0 0 0 0 0 0 0 0 0 0 0 0 0 0 29 35 22 74 81 71 53 0 26 41 0 25 5 58 89 44 64 6 43 68 0 2 62 73 71 34 86 74 81 4 32 81 30 30 44 46 7 56 55 65 81 3 27 2 64 
0 0 0 0 0 0 0 0 0 0 0 0 0 0 0 94 58 95 60 16 26 59 66 90 98 18 17 14 89 29 49 26 7 67 29 94 16 84 94 15 63 22 73 56 25 56 21 66 97 78 50 1 70 73 53 18 31 64 70 47 
0 0 0 0 0 0 0 0 0 0 0 0 0 0 0 0 46 91 75 99 9 70 0 50 5 0 55 79 62 26 8 43 62 33 0 96 85 0 32 66 64 24 100 0 66 42 12 57 83 76 68 76 87 64 12 25 95 0 0 86 
0 0 0 0 0 0 0 0 0 0 0 0 0 0 0 0 0 15 79 84 0 53 0 0 97 0 60 15 0 92 0 11 0 43 0 0 19 0 28 50 64 17 0 0 0 0 7 18 67 53 0 37 2 0 43 0 57 0 0 0 
0 0 0 0 0 0 0 0 0 0 0 0 0 0 0 0 0 0 74 15 0 0 0 0 13 0 0 0 0 26 0 32 0 70 0 0 30 0 0 56 0 0 0 0 0 0 0 0 79 0 0 0 0 0 0 0 0 0 0 0 
0 0 0 0 0 0 0 0 0 0 0 0 0 0 0 0 0 0 0 0 0 0 0 0 0 0 0 0 0 42 0 0 0 0 0 0 0 0 0 0 0 0 0 0 0 0 0 0 0 0 0 0 0 0 0 0 0 0 0 0 
0 0 0 0 0 0 0 0 0 0 0 0 0 0 0 0 0 0 0 0 0 0 0 0 0 0 0 0 0 78 0 0 0 0 0 0 23 0 0 0 0 0 0 0 0 0 0 0 0 0 0 0 0 0 0 0 0 0 0 0 
0 0 0 0 0 0 0 0 0 0 0 0 0 0 0 0 0 0 0 0 0 40 0 100 5 0 87 20 0 76 0 79 94 43 0 14 18 0 20 73 83 3 20 0 0 48 18 89 16 25 58 95 38 18 85 0 17 0 0 0 
0 0 0 0 0 0 0 0 0 0 0 0 0 0 0 0 0 0 0 0 0 0 0 0 83 0 0 0 0 72 0 2 0 63 0 0 91 0 0 75 0 0 0 0 0 0 0 0 21 0 0 0 0 0 0 0 0 0 0 0 
0 0 0 0 0 0 0 0 0 0 0 0 0 0 0 0 0 0 0 0 0 0 0 67 22 0 51 94 95 40 77 51 52 10 6 21 17 0 88 27 0 94 58 4 10 45 59 10 53 19 28 41 14 51 47 48 2 80 56 54 
0 0 0 0 0 0 0 0 0 0 0 0 0 0 0 0 0 0 0 0 0 0 0 0 90 0 95 24 0 88 0 22 0 47 0 98 30 0 63 49 96 6 80 0 0 3 83 11 7 71 18 86 100 75 76 0 39 0 0 0 
0 0 0 0 0 0 0 0 0 0 0 0 0 0 0 0 0 0 0 0 0 0 0 0 0 0 0 0 0 97 0 61 0 10 0 0 77 0 0 88 0 0 0 0 0 0 0 0 79 0 0 0 0 0 0 0 0 0 0 0 
0 0 0 0 0 0 0 0 0 0 0 0 0 0 0 0 0 0 0 0 0 0 0 0 0 0 18 24 66 25 85 82 76 35 73 71 15 30 76 20 20 78 52 63 92 75 21 27 58 15 90 100 61 2 15 60 36 13 97 54 
0 0 0 0 0 0 0 0 0 0 0 0 0 0 0 0 0 0 0 0 0 0 0 0 0 0 0 59 0 78 0 22 0 71 0 0 97 0 0 85 10 77 0 0 0 0 0 37 24 33 0 46 25 0 93 0 5 0 0 0 
0 0 0 0 0 0 0 0 0 0 0 0 0 0 0 0 0 0 0 0 0 0 0 0 0 0 0 0 0 77 0 8 0 37 0 0 61 0 43 15 0 17 0 0 0 0 0 94 21 0 0 73 0 0 44 0 0 0 0 0 
0 0 0 0 0 0 0 0 0 0 0 0 0 0 0 0 0 0 0 0 0 0 0 0 0 0 0 0 0 4 0 87 80 36 0 17 39 0 6 13 17 7 95 0 0 29 31 18 95 53 88 35 33 93 0 97 86 0 0 31 
0 0 0 0 0 0 0 0 0 0 0 0 0 0 0 0 0 0 0 0 0 0 0 0 0 0 0 0 0 0 0 0 0 0 0 0 0 0 0 0 0 0 0 0 0 0 0 0 0 0 0 0 0 0 0 0 0 0 0 0 
0 0 0 0 0 0 0 0 0 0 0 0 0 0 0 0 0 0 0 0 0 0 0 0 0 0 0 0 0 0 0 5 87 26 0 98 96 0 53 27 56 0 10 0 4 93 13 18 96 66 53 42 91 9 92 85 59 0 0 12 
0 0 0 0 0 0 0 0 0 0 0 0 0 0 0 0 0 0 0 0 0 0 0 0 0 0 0 0 0 0 0 0 0 94 0 0 54 0 0 48 0 0 0 0 0 0 0 0 95 0 0 0 0 0 0 0 0 0 0 0 
0 0 0 0 0 0 0 0 0 0 0 0 0 0 0 0 0 0 0 0 0 0 0 0 0 0 0 0 0 0 0 0 0 91 0 94 60 0 69 45 61 27 51 0 0 63 32 94 73 99 61 35 57 33 61 0 54 0 0 0 
0 0 0 0 0 0 0 0 0 0 0 0 0 0 0 0 0 0 0 0 0 0 0 0 0 0 0 0 0 0 0 0 0 0 0 0 81 0 0 0 0 0 0 0 0 0 0 0 99 0 0 0 0 0 0 0 0 0 0 0 
0 0 0 0 0 0 0 0 0 0 0 0 0 0 0 0 0 0 0 0 0 0 0 0 0 0 0 0 0 0 0 0 0 0 0 69 13 25 17 24 21 95 8 1 29 0 68 15 42 57 38 60 84 100 40 15 69 28 59 64 
0 0 0 0 0 0 0 0 0 0 0 0 0 0 0 0 0 0 0 0 0 0 0 0 0 0 0 0 0 0 0 0 0 0 0 0 1 0 76 96 43 4 0 0 0 0 68 95 3 48 0 24 17 0 92 0 44 0 0 0 
0 0 0 0 0 0 0 0 0 0 0 0 0 0 0 0 0 0 0 0 0 0 0 0 0 0 0 0 0 0 0 0 0 0 0 0 0 0 0 0 0 0 0 0 0 0 0 0 0 0 0 0 0 0 0 0 0 0 0 0 
0 0 0 0 0 0 0 0 0 0 0 0 0 0 0 0 0 0 0 0 0 0 0 0 0 0 0 0 0 0 0 0 0 0 0 0 0 0 57 98 96 97 98 0 16 48 0 82 18 22 52 33 50 96 53 99 69 0 16 79 
0 0 0 0 0 0 0 0 0 0 0 0 0 0 0 0 0 0 0 0 0 0 0 0 0 0 0 0 0 0 0 0 0 0 0 0 0 0 0 89 0 0 0 0 0 0 0 0 12 0 0 0 0 0 0 0 0 0 0 0 
0 0 0 0 0 0 0 0 0 0 0 0 0 0 0 0 0 0 0 0 0 0 0 0 0 0 0 0 0 0 0 0 0 0 0 0 0 0 0 0 0 0 0 0 0 0 0 0 84 0 0 0 0 0 0 0 0 0 0 0 
0 0 0 0 0 0 0 0 0 0 0 0 0 0 0 0 0 0 0 0 0 0 0 0 0 0 0 0 0 0 0 0 0 0 0 0 0 0 0 0 0 59 0 0 0 0 0 29 70 13 0 47 0 0 84 0 79 0 0 0 
0 0 0 0 0 0 0 0 0 0 0 0 0 0 0 0 0 0 0 0 0 0 0 0 0 0 0 0 0 0 0 0 0 0 0 0 0 0 0 0 0 0 0 0 0 0 0 3 95 0 0 0 0 0 0 0 0 0 0 0 
0 0 0 0 0 0 0 0 0 0 0 0 0 0 0 0 0 0 0 0 0 0 0 0 0 0 0 0 0 0 0 0 0 0 0 0 0 0 0 0 0 0 0 0 0 0 53 14 62 98 0 57 49 0 20 0 68 0 0 0 
0 0 0 0 0 0 0 0 0 0 0 0 0 0 0 0 0 0 0 0 0 0 0 0 0 0 0 0 0 0 0 0 0 0 0 0 0 0 0 0 0 0 0 0 30 88 78 63 42 15 65 80 72 42 26 53 61 0 72 37 
0 0 0 0 0 0 0 0 0 0 0 0 0 0 0 0 0 0 0 0 0 0 0 0 0 0 0 0 0 0 0 0 0 0 0 0 0 0 0 0 0 0 0 0 0 61 74 74 41 100 57 95 39 66 85 100 30 0 0 94 
0 0 0 0 0 0 0 0 0 0 0 0 0 0 0 0 0 0 0 0 0 0 0 0 0 0 0 0 0 0 0 0 0 0 0 0 0 0 0 0 0 0 0 0 0 0 47 46 23 80 0 34 85 0 62 0 32 0 0 0 
0 0 0 0 0 0 0 0 0 0 0 0 0 0 0 0 0 0 0 0 0 0 0 0 0 0 0 0 0 0 0 0 0 0 0 0 0 0 0 0 0 0 0 0 0 0 0 16 87 24 0 12 86 0 79 0 45 0 0 0 
0 0 0 0 0 0 0 0 0 0 0 0 0 0 0 0 0 0 0 0 0 0 0 0 0 0 0 0 0 0 0 0 0 0 0 0 0 0 0 0 0 0 0 0 0 0 0 0 66 0 0 0 0 0 0 0 0 0 0 0 
0 0 0 0 0 0 0 0 0 0 0 0 0 0 0 0 0 0 0 0 0 0 0 0 0 0 0 0 0 0 0 0 0 0 0 0 0 0 0 0 0 0 0 0 0 0 0 0 0 0 0 0 0 0 0 0 0 0 0 0 
0 0 0 0 0 0 0 0 0 0 0 0 0 0 0 0 0 0 0 0 0 0 0 0 0 0 0 0 0 0 0 0 0 0 0 0 0 0 0 0 0 0 0 0 0 0 0 0 0 0 0 24 0 0 30 0 95 0 0 0 
0 0 0 0 0 0 0 0 0 0 0 0 0 0 0 0 0 0 0 0 0 0 0 0 0 0 0 0 0 0 0 0 0 0 0 0 0 0 0 0 0 0 0 0 0 0 0 0 0 0 0 19 17 0 59 0 82 0 0 0 
0 0 0 0 0 0 0 0 0 0 0 0 0 0 0 0 0 0 0 0 0 0 0 0 0 0 0 0 0 0 0 0 0 0 0 0 0 0 0 0 0 0 0 0 0 0 0 0 0 0 0 0 0 0 0 0 0 0 0 0 
0 0 0 0 0 0 0 0 0 0 0 0 0 0 0 0 0 0 0 0 0 0 0 0 0 0 0 0 0 0 0 0 0 0 0 0 0 0 0 0 0 0 0 0 0 0 0 0 0 0 0 0 0 0 24 0 94 0 0 0 
0 0 0 0 0 0 0 0 0 0 0 0 0 0 0 0 0 0 0 0 0 0 0 0 0 0 0 0 0 0 0 0 0 0 0 0 0 0 0 0 0 0 0 0 0 0 0 0 0 0 0 0 0 0 16 0 7 0 0 0 
0 0 0 0 0 0 0 0 0 0 0 0 0 0 0 0 0 0 0 0 0 0 0 0 0 0 0 0 0 0 0 0 0 0 0 0 0 0 0 0 0 0 0 0 0 0 0 0 0 0 0 0 0 0 0 0 0 0 0 0 
0 0 0 0 0 0 0 0 0 0 0 0 0 0 0 0 0 0 0 0 0 0 0 0 0 0 0 0 0 0 0 0 0 0 0 0 0 0 0 0 0 0 0 0 0 0 0 0 0 0 0 0 0 0 0 0 30 0 0 58 
0 0 0 0 0 0 0 0 0 0 0 0 0 0 0 0 0 0 0 0 0 0 0 0 0 0 0 0 0 0 0 0 0 0 0 0 0 0 0 0 0 0 0 0 0 0 0 0 0 0 0 0 0 0 0 0 0 0 0 0 
0 0 0 0 0 0 0 0 0 0 0 0 0 0 0 0 0 0 0 0 0 0 0 0 0 0 0 0 0 0 0 0 0 0 0 0 0 0 0 0 0 0 0 0 0 0 0 0 0 0 0 0 0 0 0 0 0 0 92 4 
0 0 0 0 0 0 0 0 0 0 0 0 0 0 0 0 0 0 0 0 0 0 0 0 0 0 0 0 0 0 0 0 0 0 0 0 0 0 0 0 0 0 0 0 0 0 0 0 0 0 0 0 0 0 0 0 0 0 0 20 
0 0 0 0 0 0 0 0 0 0 0 0 0 0 0 0 0 0 0 0 0 0 0 0 0 0 0 0 0 0 0 0 0 0 0 0 0 0 0 0 0 0 0 0 0 0 0 0 0 0 0 0 0 0 0 0 0 0 0 0 
