100
0	95	78	23	51	55	34	17	78	85	43	49	30	40	1	51	67	62	66	38	8	97	59	86	66	37	72	68	29	69	53	39	15	83	61	17	89	46	34	66	82	28	15	11	19	15	61	86	28	79	75	88	27	33	73	92	21	96	11	50	64	64	40	30	98	52	47	86	49	32	3	30	11	69	93	29	84	5	14	63	35	88	50	61	72	74	52	45	69	15	94	84	78	85	14	27	36	12	64	36
95	0	43	66	17	5	35	61	33	70	66	99	32	100	38	34	13	10	7	16	6	28	30	51	63	59	35	28	85	22	39	48	57	33	14	25	37	100	86	70	69	51	68	52	2	57	85	14	66	44	30	71	71	11	21	85	70	7	13	54	80	51	54	36	36	67	61	72	18	46	93	86	48	12	89	1	69	74	67	86	69	96	9	91	58	81	75	27	88	87	33	67	90	86	55	25	4	67	48	21
78	43	0	64	41	58	63	52	46	63	72	71	29	58	39	76	66	81	34	46	56	60	85	94	44	4	35	29	58	59	32	76	59	52	39	99	9	1	2	7	15	26	77	44	83	68	71	100	48	4	97	55	16	34	49	59	37	83	88	46	94	71	21	52	23	11	2	83	11	3	89	25	80	18	20	62	85	91	13	84	46	10	39	61	43	87	72	79	21	11	76	14	81	96	17	55	6	18	90	68
23	66	64	0	73	30	44	52	47	64	66	83	6	78	19	51	87	57	64	81	95	87	11	15	97	86	81	29	81	97	36	38	15	25	5	87	54	1	90	53	64	55	87	21	33	5	23	19	13	38	52	7	24	62	74	72	48	54	53	28	2	88	18	16	64	74	54	69	74	44	21	89	98	60	9	82	16	32	1	29	69	52	87	45	65	12	16	12	65	68	92	67	55	9	34	70	82	88	39	56
51	17	41	73	0	83	59	96	32	70	5	14	86	88	66	66	8	69	4	52	33	16	68	45	32	87	36	50	94	96	36	63	77	75	1	84	57	12	80	88	81	36	1	18	23	66	35	30	34	91	34	19	58	53	63	89	39	98	91	84	93	26	47	21	100	99	57	8	10	36	47	43	71	48	12	45	65	99	74	51	89	7	69	46	59	83	86	50	80	28	33	24	53	31	96	4	30	52	63	91
55	5	58	30	83	0	87	10	85	9	9	49	53	73	47	79	75	87	37	95	32	48	77	69	49	8	97	81	83	1	12	79	57	93	30	19	35	69	28	20	29	36	68	34	61	14	12	87	52	100	82	83	47	10	3	47	18	51	28	100	52	91	30	60	35	12	78	69	80	58	88	60	45	7	93	57	72	56	44	23	8	77	5	6	86	60	53	55	10	80	55	13	22	84	72	56	47	2	76	78
34	35	63	44	59	87	0	11	64	38	55	22	82	64	94	38	7	16	97	35	73	2	20	32	54	75	93	85	81	6	6	16	29	13	63	82	89	40	92	4	29	99	25	11	62	18	100	20	34	96	54	6	97	25	89	51	51	81	35	31	38	93	99	19	5	61	100	93	52	44	48	81	94	73	91	55	42	42	74	75	37	79	32	85	3	72	35	54	53	22	36	42	14	34	12	70	46	64	15	98
17	61	52	52	96	10	11	0	7	62	78	100	86	20	6	28	13	31	54	49	9	38	33	63	9	20	68	13	93	4	7	58	89	18	27	35	81	93	32	39	7	61	90	92	32	47	71	44	77	25	92	37	14	76	100	22	47	67	87	39	22	93	48	11	10	27	45	43	19	28	33	25	88	75	69	19	21	39	62	98	15	5	86	28	32	85	50	79	4	36	69	25	80	69	87	89	95	83	83	13
78	33	46	47	32	85	64	7	0	10	68	90	97	42	58	15	62	96	28	11	11	84	97	90	16	33	39	46	36	26	14	13	5	34	51	46	28	34	80	93	43	47	34	92	40	91	6	2	38	86	64	100	69	12	90	84	45	80	81	32	6	47	96	62	80	47	59	8	32	39	52	74	85	85	65	25	75	23	78	64	60	93	64	28	5	5	64	1	84	44	32	41	90	28	3	22	26	61	29	57
85	70	63	64	70	9	38	62	10	0	51	80	82	36	16	47	12	42	21	41	5	80	85	20	7	89	24	22	89	60	18	73	100	59	100	54	80	77	15	8	33	17	39	14	4	54	12	15	47	32	7	52	11	92	23	70	32	99	91	73	58	8	45	9	19	96	63	98	72	29	6	56	45	96	21	49	2	33	15	48	64	74	51	27	17	26	96	48	24	38	20	33	98	64	41	16	11	55	13	82
43	66	72	66	5	9	55	78	68	51	0	35	70	37	80	18	10	80	19	42	46	18	57	71	21	35	87	46	30	87	69	20	6	1	17	22	93	84	32	100	48	66	34	18	54	65	35	63	44	5	56	42	74	13	12	94	47	99	39	29	85	59	48	42	11	16	15	56	51	99	55	98	64	88	67	17	53	53	32	48	57	87	41	31	51	53	76	98	3	15	78	39	25	77	80	36	44	47	91	94
49	99	71	83	14	49	22	100	90	80	35	0	45	45	43	60	84	10	28	88	62	59	36	71	98	76	53	48	80	28	97	82	94	74	72	19	50	4	6	45	50	48	38	94	44	81	5	27	42	32	15	3	91	2	25	88	29	77	35	9	5	32	42	98	57	14	68	59	17	73	3	18	72	41	63	15	73	67	94	66	98	8	20	40	61	45	27	89	21	14	97	25	97	91	75	53	4	94	63	72
30	32	29	6	86	53	82	86	97	82	70	45	0	19	66	41	90	58	3	57	82	21	50	47	18	9	66	58	69	10	36	57	31	49	6	7	97	96	33	2	51	79	64	74	97	29	14	38	86	68	94	19	88	43	65	57	51	31	66	19	92	2	28	74	2	33	33	99	28	65	100	30	43	15	3	91	44	16	29	81	83	22	100	70	65	16	78	67	98	44	38	90	97	65	63	98	49	95	48	76
40	100	58	78	88	73	64	20	42	36	37	45	19	0	12	99	5	6	14	59	97	9	74	77	41	8	98	92	77	14	8	6	33	5	49	70	46	45	34	61	95	82	7	94	9	70	93	65	76	58	23	24	18	48	100	58	55	97	50	83	63	9	88	95	65	89	64	11	85	49	23	79	82	29	25	42	99	17	58	26	26	32	49	43	79	100	52	85	48	1	67	10	61	6	4	26	94	19	88	79
1	38	39	19	66	47	94	6	58	16	80	43	66	12	0	19	10	9	52	90	33	45	40	1	2	17	26	33	65	20	63	64	72	47	12	72	65	73	85	71	29	10	64	99	49	94	18	10	3	21	99	35	66	91	88	67	7	13	52	24	33	66	39	56	65	2	79	29	75	63	99	3	24	15	53	72	8	70	81	10	91	80	97	8	22	84	26	28	48	77	51	32	95	90	87	59	91	66	87	17
51	34	76	51	66	79	38	28	15	47	18	60	41	99	19	0	80	38	71	4	52	24	75	59	45	56	21	87	87	69	94	8	4	20	87	51	48	90	35	42	79	73	100	21	90	39	90	70	76	60	73	79	83	99	89	28	54	61	14	92	81	60	51	84	79	38	87	26	27	21	20	57	93	19	29	35	9	18	4	36	78	28	66	12	26	55	91	80	67	57	23	48	16	74	31	46	63	17	23	89
67	13	66	87	8	75	7	13	62	12	10	84	90	5	10	80	0	89	42	97	34	13	25	68	21	95	23	9	72	50	74	35	75	28	26	6	47	34	29	94	1	54	24	46	16	93	68	56	33	10	52	18	22	28	85	94	22	7	2	45	56	76	80	83	55	57	88	1	90	68	46	42	21	70	87	36	14	54	91	98	15	94	16	88	22	100	82	95	59	35	40	66	62	19	48	69	27	88	21	68
62	10	81	57	69	87	16	31	96	42	80	10	58	6	9	38	89	0	55	67	9	76	88	95	63	1	100	54	98	67	99	13	54	72	65	35	67	75	70	6	40	83	76	40	51	2	27	72	21	81	38	29	8	25	75	71	77	26	76	26	92	74	91	46	46	55	32	64	81	53	69	72	36	44	11	86	97	89	57	17	22	94	97	29	70	23	51	46	48	26	72	92	52	14	37	49	68	20	12	100
66	7	34	64	4	37	97	54	28	21	19	28	3	14	52	71	42	55	0	73	32	71	8	75	82	45	23	22	2	91	95	47	87	76	69	61	26	66	8	4	89	51	55	2	87	55	21	7	18	20	31	49	91	90	75	24	34	97	97	87	87	92	86	25	67	54	85	92	19	44	47	8	95	1	9	33	7	30	91	24	49	21	72	91	10	46	14	44	94	11	82	32	54	67	56	20	20	40	63	39
38	16	46	81	52	95	35	49	11	41	42	88	57	59	90	4	97	67	73	0	36	10	98	30	62	6	62	69	87	53	44	88	25	16	78	35	13	44	30	59	6	11	90	59	78	46	78	49	37	40	39	72	49	36	53	11	42	15	31	28	19	74	15	43	89	45	29	54	88	58	12	93	21	53	51	50	98	28	98	87	19	37	58	68	24	11	30	65	77	60	45	47	33	11	89	74	55	18	79	94
8	6	56	95	33	32	73	9	11	5	46	62	82	97	33	52	34	9	32	36	0	27	90	86	99	42	36	100	92	15	50	78	34	38	87	53	61	49	82	26	25	41	22	71	25	32	12	98	39	81	76	32	59	17	70	58	11	57	9	2	72	58	31	57	95	17	61	56	66	42	33	42	34	6	13	10	89	76	8	27	56	35	11	14	52	80	23	62	36	32	15	59	89	97	15	36	13	27	91	30
97	28	60	87	16	48	2	38	84	80	18	59	21	9	45	24	13	76	71	10	27	0	68	75	72	53	80	36	63	68	11	22	47	66	56	57	31	59	36	54	20	23	85	86	82	25	82	48	60	47	75	2	76	94	76	99	47	7	34	61	75	44	34	21	61	89	29	92	100	64	45	71	38	81	57	19	5	90	67	17	36	41	18	64	34	46	62	32	52	96	44	26	91	77	98	52	18	26	43	17
59	30	85	11	68	77	20	33	97	85	57	36	50	74	40	75	25	88	8	98	90	68	0	41	87	39	79	19	95	97	23	37	15	91	24	7	9	87	41	54	49	24	5	96	20	83	86	48	80	89	65	58	31	33	50	69	72	28	87	18	77	62	54	43	52	78	50	60	16	42	65	16	65	22	11	84	4	49	32	35	37	48	44	20	33	94	88	56	73	75	25	1	88	31	44	39	60	93	51	75
86	51	94	15	45	69	32	63	90	20	71	71	47	77	1	59	68	95	75	30	86	75	41	0	34	15	43	50	36	5	86	91	53	69	78	42	68	21	13	52	66	100	59	39	26	84	39	13	66	82	4	25	26	54	51	59	68	45	61	56	50	46	98	54	66	75	95	33	48	7	85	13	59	43	51	84	78	42	49	43	75	52	19	1	5	22	11	24	66	71	31	15	68	29	69	33	3	15	18	2
66	63	44	97	32	49	54	9	16	7	21	98	18	41	2	45	21	63	82	62	99	72	87	34	0	74	2	15	32	96	17	67	74	58	67	68	33	18	87	85	74	60	95	98	25	18	80	40	37	8	60	70	63	74	39	64	47	92	78	30	87	47	97	12	4	63	32	88	33	18	24	6	29	71	55	53	88	35	44	24	94	3	45	56	29	35	20	27	26	49	57	13	95	5	76	51	67	7	90	51
37	59	4	86	87	8	75	20	33	89	35	76	9	8	17	56	95	1	45	6	42	53	39	15	74	0	76	14	9	4	84	15	9	23	1	52	46	95	7	43	50	35	77	69	61	3	70	17	67	64	73	94	14	92	1	4	42	76	17	50	32	52	17	40	74	17	91	71	11	97	65	13	83	94	33	96	48	2	64	14	66	37	7	79	28	59	34	69	35	2	71	66	53	87	5	78	55	47	49	18
72	35	35	81	36	97	93	68	39	24	87	53	66	98	26	21	23	100	23	62	36	80	79	43	2	76	0	96	65	30	78	58	62	73	5	16	37	70	81	73	29	11	100	87	97	20	73	98	42	38	3	80	94	80	35	93	80	52	88	45	33	17	2	46	90	7	61	78	28	93	2	56	56	53	43	52	24	67	49	66	5	51	45	50	83	31	42	62	34	81	6	66	98	60	12	39	18	24	68	45
68	28	29	29	50	81	85	13	46	22	46	48	58	92	33	87	9	54	22	69	100	36	19	50	15	14	96	0	17	69	1	72	73	95	75	96	61	23	13	17	26	58	19	60	40	60	21	74	93	79	91	90	38	54	28	55	78	95	99	46	15	51	69	87	45	43	34	58	17	47	74	42	56	92	53	95	4	74	20	96	52	11	37	41	16	64	95	93	10	93	38	76	96	6	14	92	100	47	49	17
29	85	58	81	94	83	81	93	36	89	30	80	69	77	65	87	72	98	2	87	92	63	95	36	32	9	65	17	0	45	75	10	100	18	63	47	21	36	18	68	39	80	4	79	96	19	73	40	80	17	30	7	64	35	20	56	87	19	4	3	63	78	12	15	96	74	13	68	61	30	88	99	62	91	29	57	62	53	96	93	22	25	100	85	12	19	40	98	37	96	52	100	25	63	66	20	89	78	40	49
69	22	59	97	96	1	6	4	26	60	87	28	10	14	20	69	50	67	91	53	15	68	97	5	96	4	30	69	45	0	7	27	100	68	69	28	76	82	33	24	75	54	100	74	38	63	44	30	12	81	77	63	32	1	26	97	73	14	26	12	14	84	90	13	4	10	93	79	92	25	54	66	78	54	91	67	16	34	48	28	66	24	90	97	25	67	45	97	80	22	60	94	6	1	58	9	10	50	39	1
53	39	32	36	36	12	6	7	14	18	69	97	36	8	63	94	74	99	95	44	50	11	23	86	17	84	78	1	75	7	0	74	93	18	3	98	8	22	13	94	69	92	59	45	34	8	21	100	4	17	32	26	28	77	31	28	86	91	37	36	29	90	61	73	59	64	70	19	37	83	12	57	26	22	1	59	29	21	11	33	89	94	10	16	70	92	95	55	82	84	42	62	73	3	35	31	18	4	1	54
39	48	76	38	63	79	16	58	13	73	20	82	57	6	64	8	35	13	47	88	78	22	37	91	67	15	58	72	10	27	74	0	38	12	10	64	34	11	74	14	83	84	98	72	77	7	39	98	98	34	5	31	17	98	93	41	100	27	23	69	30	24	22	68	35	84	83	20	46	56	34	28	92	31	99	20	90	38	70	87	23	74	70	39	71	62	79	23	88	1	91	69	24	65	88	11	48	70	30	93
15	57	59	15	77	57	29	89	5	100	6	94	31	33	72	4	75	54	87	25	34	47	15	53	74	9	62	73	100	100	93	38	0	78	15	20	21	46	71	40	35	60	9	73	34	34	42	72	57	55	2	79	94	54	21	63	78	85	2	40	32	24	69	76	53	84	96	73	81	18	12	67	29	73	39	62	6	33	85	14	87	86	92	33	39	65	47	68	49	48	7	81	23	28	56	75	63	3	47	95
83	33	52	25	75	93	13	18	34	59	1	74	49	5	47	20	28	72	76	16	38	66	91	69	58	23	73	95	18	68	18	12	78	0	72	11	61	100	83	51	13	40	35	97	54	22	82	97	54	73	61	100	40	10	99	47	42	22	26	49	96	40	4	95	34	75	5	94	27	39	44	39	78	79	36	31	52	69	28	57	41	88	8	81	49	58	79	90	79	56	39	27	95	94	73	28	68	77	21	94
61	14	39	5	1	30	63	27	51	100	17	72	6	49	12	87	26	65	69	78	87	56	24	78	67	1	5	75	63	69	3	10	15	72	0	67	16	85	44	46	72	75	49	40	54	57	81	93	16	13	42	74	43	83	4	98	73	82	92	66	54	19	86	82	91	79	48	58	15	92	56	86	18	4	26	23	61	58	67	28	22	60	1	64	43	5	61	67	86	4	85	92	74	70	73	16	100	21	73	15
17	25	99	87	84	19	82	35	46	54	22	19	7	70	72	51	6	35	61	35	53	57	7	42	68	52	16	96	47	28	98	64	20	11	67	0	64	28	100	33	84	77	7	96	86	73	23	7	33	24	70	27	80	82	93	65	85	77	8	10	46	81	25	98	53	98	12	68	77	63	100	60	92	6	7	29	30	30	36	62	5	57	88	84	91	33	100	75	9	8	37	7	40	61	4	92	10	67	59	87
89	37	9	54	57	35	89	81	28	80	93	50	97	46	65	48	47	67	26	13	61	31	9	68	33	46	37	61	21	76	8	34	21	61	16	64	0	81	10	98	24	67	57	53	96	86	88	10	42	96	97	77	86	29	76	13	90	35	49	48	74	9	3	17	71	69	75	9	1	36	58	25	54	14	29	50	51	16	59	92	63	7	68	49	88	96	61	29	30	9	76	4	69	78	20	91	98	47	99	98
46	100	1	1	12	69	40	93	34	77	84	4	96	45	73	90	34	75	66	44	49	59	87	21	18	95	70	23	36	82	22	11	46	100	85	28	81	0	34	57	74	88	70	2	89	21	69	99	64	32	5	32	80	44	27	92	72	8	52	99	63	72	76	35	63	73	81	61	23	66	69	48	53	39	2	41	11	70	39	74	53	96	57	84	91	35	75	63	43	26	13	5	98	89	39	12	13	71	72	87
34	86	2	90	80	28	92	32	80	15	32	6	33	34	85	35	29	70	8	30	82	36	41	13	87	7	81	13	18	33	13	74	71	83	44	100	10	34	0	37	93	35	89	83	88	82	93	57	72	18	10	67	75	45	10	9	20	24	3	45	36	8	94	24	46	5	89	69	29	75	5	21	61	45	3	48	26	47	57	50	16	18	68	90	62	77	51	81	100	5	78	36	12	23	11	10	80	99	78	8
66	70	7	53	88	20	4	39	93	8	100	45	2	61	71	42	94	6	4	59	26	54	54	52	85	43	73	17	68	24	94	14	40	51	46	33	98	57	37	0	26	34	80	38	78	34	38	56	80	46	5	47	63	72	37	24	1	39	57	100	43	86	87	7	60	98	16	39	48	45	98	25	78	77	63	55	62	52	62	93	97	66	40	11	90	28	86	90	66	42	89	60	79	76	18	39	25	33	29	72
82	69	15	64	81	29	29	7	43	33	48	50	51	95	29	79	1	40	89	6	25	20	49	66	74	50	29	26	39	75	69	83	35	13	72	84	24	74	93	26	0	29	27	49	6	55	63	13	17	14	74	9	62	40	100	72	81	27	57	70	44	99	58	56	29	85	73	19	9	6	48	33	86	74	81	92	28	43	56	44	8	29	5	69	20	4	40	100	83	96	69	26	46	79	81	75	63	54	93	24
28	51	26	55	36	36	99	61	47	17	66	48	79	82	10	73	54	83	51	11	41	23	24	100	60	35	11	58	80	54	92	84	60	40	75	77	67	88	35	34	29	0	11	92	8	96	65	40	39	93	34	94	88	41	75	44	9	94	100	100	46	82	95	14	7	93	44	88	19	59	93	63	34	3	55	41	50	19	80	41	63	65	34	3	5	8	46	65	54	45	64	99	78	10	64	85	2	8	24	72
15	68	77	87	1	68	25	90	34	39	34	38	64	7	64	100	24	76	55	90	22	85	5	59	95	77	100	19	4	100	59	98	9	35	49	7	57	70	89	80	27	11	0	66	16	35	99	70	41	91	71	59	22	11	74	86	97	76	90	4	73	54	9	70	69	7	47	78	23	83	32	30	58	55	95	25	41	45	46	81	35	17	92	56	79	65	41	75	92	82	31	16	87	39	37	55	98	36	84	20
11	52	44	21	18	34	11	92	92	14	18	94	74	94	99	21	46	40	2	59	71	86	96	39	98	69	87	60	79	74	45	72	73	97	40	96	53	2	83	38	49	92	66	0	18	67	49	76	22	95	100	62	91	46	43	25	14	86	32	92	50	24	67	93	5	97	60	91	87	97	97	84	32	80	3	49	99	3	76	20	49	28	33	39	25	27	15	90	12	98	81	13	21	99	57	25	95	17	67	34
19	2	83	33	23	61	62	32	40	4	54	44	97	9	49	90	16	51	87	78	25	82	20	26	25	61	97	40	96	38	34	77	34	54	54	86	96	89	88	78	6	8	16	18	0	13	15	17	44	47	72	44	45	26	72	16	75	51	100	65	75	27	80	64	90	29	96	55	50	95	11	26	41	27	93	74	91	7	91	86	5	14	82	49	39	5	64	65	55	64	30	29	42	61	44	31	89	39	85	38
15	57	68	5	66	14	18	47	91	54	65	81	29	70	94	39	93	2	55	46	32	25	83	84	18	3	20	60	19	63	8	7	34	22	57	73	86	21	82	34	55	96	35	67	13	0	85	48	16	26	26	8	51	69	66	93	54	71	6	87	71	97	91	87	61	45	50	90	25	43	2	20	25	91	11	10	80	95	9	95	72	34	54	23	2	72	15	8	94	21	94	16	17	85	2	29	81	3	19	6
61	85	71	23	35	12	100	71	6	12	35	5	14	93	18	90	68	27	21	78	12	82	86	39	80	70	73	21	73	44	21	39	42	82	81	23	88	69	93	38	63	65	99	49	15	85	0	45	72	77	70	62	87	31	94	82	39	40	53	24	46	75	26	17	90	85	62	62	78	77	30	14	79	58	47	81	28	4	26	100	80	47	13	67	77	58	48	15	98	52	90	43	79	15	11	20	51	72	81	29
86	14	100	19	30	87	20	44	2	15	63	27	38	65	10	70	56	72	7	49	98	48	48	13	40	17	98	74	40	30	100	98	72	97	93	7	10	99	57	56	13	40	70	76	17	48	45	0	100	62	94	78	19	40	11	47	95	88	98	75	34	10	41	10	68	40	76	17	43	65	59	21	32	69	40	82	92	20	62	91	33	8	21	52	47	31	50	42	18	99	68	51	60	60	12	27	99	39	95	41
28	66	48	13	34	52	34	77	38	47	44	42	86	76	3	76	33	21	18	37	39	60	80	66	37	67	42	93	80	12	4	98	57	54	16	33	42	64	72	80	17	39	41	22	44	16	72	100	0	55	5	14	86	25	53	20	16	25	33	59	57	40	79	60	39	9	9	32	78	59	99	28	19	58	91	97	8	29	92	100	35	96	13	21	21	66	92	88	42	24	46	98	64	24	58	54	84	18	85	61
79	44	4	38	91	100	96	25	86	32	5	32	68	58	21	60	10	81	20	40	81	47	89	82	8	64	38	79	17	81	17	34	55	73	13	24	96	32	18	46	14	93	91	95	47	26	77	62	55	0	77	83	40	95	92	30	43	99	10	34	98	45	82	63	17	2	28	60	89	69	35	87	18	50	10	75	3	94	45	87	6	21	69	46	67	12	27	9	10	89	95	60	85	76	22	53	29	1	12	17
75	30	97	52	34	82	54	92	64	7	56	15	94	23	99	73	52	38	31	39	76	75	65	4	60	73	3	91	30	77	32	5	2	61	42	70	97	5	10	5	74	34	71	100	72	26	70	94	5	77	0	21	46	55	38	48	65	65	50	10	9	37	15	81	57	12	99	69	39	59	30	27	53	89	11	28	10	63	56	62	26	25	82	23	79	72	70	95	36	72	56	96	8	71	28	16	82	26	36	72
88	71	55	7	19	83	6	37	100	52	42	3	19	24	35	79	18	29	49	72	32	2	58	25	70	94	80	90	7	63	26	31	79	100	74	27	77	32	67	47	9	94	59	62	44	8	62	78	14	83	21	0	36	66	98	89	6	60	68	68	74	76	29	99	52	63	74	82	34	43	77	21	14	84	16	73	54	95	41	88	20	28	59	55	45	9	95	51	68	63	18	94	90	98	92	41	60	65	74	45
27	71	16	24	58	47	97	14	69	11	74	91	88	18	66	83	22	8	91	49	59	76	31	26	63	14	94	38	64	32	28	17	94	40	43	80	86	80	75	63	62	88	22	91	45	51	87	19	86	40	46	36	0	60	2	65	25	86	80	50	91	74	90	78	45	17	89	52	62	49	98	64	16	12	33	9	1	30	53	93	42	69	67	86	80	68	51	5	5	82	54	96	8	95	25	4	11	13	7	24
33	11	34	62	53	10	25	76	12	92	13	2	43	48	91	99	28	25	90	36	17	94	33	54	74	92	80	54	35	1	77	98	54	10	83	82	29	44	45	72	40	41	11	46	26	69	31	40	25	95	55	66	60	0	61	5	87	29	16	19	89	69	1	93	61	42	62	79	79	93	99	81	97	3	63	2	98	22	96	75	77	59	87	84	82	100	88	21	80	55	39	20	23	91	13	36	32	26	66	63
73	21	49	74	63	3	89	100	90	23	12	25	65	100	88	89	85	75	75	53	70	76	50	51	39	1	35	28	20	26	31	93	21	99	4	93	76	27	10	37	100	75	74	43	72	66	94	11	53	92	38	98	2	61	0	18	64	43	15	19	5	68	68	78	64	42	55	22	81	90	55	32	29	75	11	83	66	30	58	56	42	45	40	67	62	2	37	26	44	3	96	1	70	63	30	33	57	36	6	37
92	85	59	72	89	47	51	22	84	70	94	88	57	58	67	28	94	71	24	11	58	99	69	59	64	4	93	55	56	97	28	41	63	47	98	65	13	92	9	24	72	44	86	25	16	93	82	47	20	30	48	89	65	5	18	0	25	13	68	53	39	30	88	4	59	97	12	53	93	3	71	54	56	7	79	99	9	26	51	79	41	33	63	97	68	21	33	45	33	52	97	71	81	36	27	91	32	38	43	76
21	70	37	48	39	18	51	47	45	32	47	29	51	55	7	54	22	77	34	42	11	47	72	68	47	42	80	78	87	73	86	100	78	42	73	85	90	72	20	1	81	9	97	14	75	54	39	95	16	43	65	6	25	87	64	25	0	92	14	30	47	20	60	97	81	86	48	11	26	32	73	22	99	45	6	95	77	9	44	100	89	79	26	31	63	15	74	38	6	87	67	52	58	27	100	90	64	99	100	89
96	7	83	54	98	51	81	67	80	99	99	77	31	97	13	61	7	26	97	15	57	7	28	45	92	76	52	95	19	14	91	27	85	22	82	77	35	8	24	39	27	94	76	86	51	71	40	88	25	99	65	60	86	29	43	13	92	0	30	25	62	81	69	19	75	98	27	18	97	67	49	74	97	11	40	70	100	45	8	67	48	18	45	47	7	8	46	59	48	27	83	9	7	3	79	34	100	5	51	48
11	13	88	53	91	28	35	87	81	91	39	35	66	50	52	14	2	76	97	31	9	34	87	61	78	17	88	99	4	26	37	23	2	26	92	8	49	52	3	57	57	100	90	32	100	6	53	98	33	10	50	68	80	16	15	68	14	30	0	71	99	73	19	61	12	89	61	56	48	79	55	17	75	54	76	34	51	34	81	77	68	41	84	22	19	17	74	75	19	21	45	70	94	15	30	5	55	42	13	3
50	54	46	28	84	100	31	39	32	73	29	9	19	83	24	92	45	26	87	28	2	61	18	56	30	50	45	46	3	12	36	69	40	49	66	10	48	99	45	100	70	100	4	92	65	87	24	75	59	34	10	68	50	19	19	53	30	25	71	0	72	19	71	46	72	46	79	22	31	11	51	98	3	34	72	21	2	45	47	72	65	43	41	10	58	23	67	12	64	79	66	88	49	37	33	21	82	64	94	13
64	80	94	2	93	52	38	22	6	58	85	5	92	63	33	81	56	92	87	19	72	75	77	50	87	32	33	15	63	14	29	30	32	96	54	46	74	63	36	43	44	46	73	50	75	71	46	34	57	98	9	74	91	89	5	39	47	62	99	72	0	74	96	62	77	81	33	49	82	77	96	6	94	38	46	3	95	20	21	59	84	51	24	23	100	60	55	72	94	18	17	58	44	13	71	72	93	56	72	27
64	51	71	88	26	91	93	93	47	8	59	32	2	9	66	60	76	74	92	74	58	44	62	46	47	52	17	51	78	84	90	24	24	40	19	81	9	72	8	86	99	82	54	24	27	97	75	10	40	45	37	76	74	69	68	30	20	81	73	19	74	0	32	67	32	77	57	29	32	3	49	52	61	84	3	37	6	54	96	60	25	89	30	41	98	25	5	69	48	98	24	19	24	7	38	7	84	94	35	67
40	54	21	18	47	30	99	48	96	45	48	42	28	88	39	51	80	91	86	15	31	34	54	98	97	17	2	69	12	90	61	22	69	4	86	25	3	76	94	87	58	95	9	67	80	91	26	41	79	82	15	29	90	1	68	88	60	69	19	71	96	32	0	48	83	70	61	66	72	97	71	77	92	83	1	33	64	94	82	40	98	50	87	47	25	5	22	32	42	28	67	87	15	85	35	97	54	95	15	26
30	36	52	16	21	60	19	11	62	9	42	98	74	95	56	84	83	46	25	43	57	21	43	54	12	40	46	87	15	13	73	68	76	95	82	98	17	35	24	7	56	14	70	93	64	87	17	10	60	63	81	99	78	93	78	4	97	19	61	46	62	67	48	0	91	37	2	34	71	55	18	86	100	100	25	97	1	11	96	26	68	17	9	9	97	75	48	11	59	82	59	12	28	25	89	70	62	43	3	84
98	36	23	64	100	35	5	10	80	19	11	57	2	65	65	79	55	46	67	89	95	61	52	66	4	74	90	45	96	4	59	35	53	34	91	53	71	63	46	60	29	7	69	5	90	61	90	68	39	17	57	52	45	61	64	59	81	75	12	72	77	32	83	91	0	49	73	70	48	24	94	96	24	57	91	1	24	60	9	32	56	83	79	18	93	12	28	57	39	53	45	60	66	39	15	49	87	87	18	86
52	67	11	74	99	12	61	27	47	96	16	14	33	89	2	38	57	55	54	45	17	89	78	75	63	17	7	43	74	10	64	84	84	75	79	98	69	73	5	98	85	93	7	97	29	45	85	40	9	2	12	63	17	42	42	97	86	98	89	46	81	77	70	37	49	0	10	12	82	85	68	24	86	43	83	94	26	90	29	57	59	73	68	87	29	59	91	26	18	56	64	84	4	3	70	22	88	31	85	21
47	61	2	54	57	78	100	45	59	63	15	68	33	64	79	87	88	32	85	29	61	29	50	95	32	91	61	34	13	93	70	83	96	5	48	12	75	81	89	16	73	44	47	60	96	50	62	76	9	28	99	74	89	62	55	12	48	27	61	79	33	57	61	2	73	10	0	68	4	45	5	98	79	98	23	21	78	79	79	51	99	65	79	57	55	56	26	62	20	62	66	74	31	39	13	14	75	34	33	30
86	72	83	69	8	69	93	43	8	98	56	59	99	11	29	26	1	64	92	54	56	92	60	33	88	71	78	58	68	79	19	20	73	94	58	68	9	61	69	39	19	88	78	91	55	90	62	17	32	60	69	82	52	79	22	53	11	18	56	22	49	29	66	34	70	12	68	0	30	37	27	60	86	49	80	64	80	59	66	78	75	96	86	82	52	63	43	23	24	8	96	7	98	60	72	24	45	4	53	74
49	18	11	74	10	80	52	19	32	72	51	17	28	85	75	27	90	81	19	88	66	100	16	48	33	11	28	17	61	92	37	46	81	27	15	77	1	23	29	48	9	19	23	87	50	25	78	43	78	89	39	34	62	79	81	93	26	97	48	31	82	32	72	71	48	82	4	30	0	40	31	34	77	80	13	40	11	23	57	88	98	53	25	79	4	87	21	26	11	81	73	69	78	32	40	2	77	43	6	2
32	46	3	44	36	58	44	28	39	29	99	73	65	49	63	21	68	53	44	58	42	64	42	7	18	97	93	47	30	25	83	56	18	39	92	63	36	66	75	45	6	59	83	97	95	43	77	65	59	69	59	43	49	93	90	3	32	67	79	11	77	3	97	55	24	85	45	37	40	0	34	37	87	10	68	52	2	78	74	58	17	71	10	41	1	65	27	22	42	89	2	66	57	31	98	96	84	26	90	90
3	93	89	21	47	88	48	33	52	6	55	3	100	23	99	20	46	69	47	12	33	45	65	85	24	65	2	74	88	54	12	34	12	44	56	100	58	69	5	98	48	93	32	97	11	2	30	59	99	35	30	77	98	99	55	71	73	49	55	51	96	49	71	18	94	68	5	27	31	34	0	79	23	78	66	33	45	69	86	74	42	43	90	65	5	30	65	69	56	86	63	97	39	28	53	22	77	1	5	54
30	86	25	89	43	60	81	25	74	56	98	18	30	79	3	57	42	72	8	93	42	71	16	13	6	13	56	42	99	66	57	28	67	39	86	60	25	48	21	25	33	63	30	84	26	20	14	21	28	87	27	21	64	81	32	54	22	74	17	98	6	52	77	86	96	24	98	60	34	37	79	0	90	46	33	13	75	50	97	71	18	82	44	11	24	33	75	80	14	40	1	70	77	63	18	16	90	70	89	67
11	48	80	98	71	45	94	88	85	45	64	72	43	82	24	93	21	36	95	21	34	38	65	59	29	83	56	56	62	78	26	92	29	78	18	92	54	53	61	78	86	34	58	32	41	25	79	32	19	18	53	14	16	97	29	56	99	97	75	3	94	61	92	100	24	86	79	86	77	87	23	90	0	70	45	72	60	43	4	24	17	5	20	88	22	1	83	33	76	16	7	56	29	98	8	50	75	70	67	42
69	12	18	60	48	7	73	75	85	96	88	41	15	29	15	19	70	44	1	53	6	81	22	43	71	94	53	92	91	54	22	31	73	79	4	6	14	39	45	77	74	3	55	80	27	91	58	69	58	50	89	84	12	3	75	7	45	11	54	34	38	84	83	100	57	43	98	49	80	10	78	46	70	0	11	89	82	29	10	26	1	21	68	4	44	37	9	63	76	82	15	58	66	43	25	25	50	6	22	57
93	89	20	9	12	93	91	69	65	21	67	63	3	25	53	29	87	11	9	51	13	57	11	51	55	33	43	53	29	91	1	99	39	36	26	7	29	2	3	63	81	55	95	3	93	11	47	40	91	10	11	16	33	63	11	79	6	40	76	72	46	3	1	25	91	83	23	80	13	68	66	33	45	11	0	55	48	26	74	41	88	14	22	17	23	48	17	44	67	72	39	3	32	54	78	14	68	88	79	62
29	1	62	82	45	57	55	19	25	49	17	15	91	42	72	35	36	86	33	50	10	19	84	84	53	96	52	95	57	67	59	20	62	31	23	29	50	41	48	55	92	41	25	49	74	10	81	82	97	75	28	73	9	2	83	99	95	70	34	21	3	37	33	97	1	94	21	64	40	52	33	13	72	89	55	0	12	3	11	17	77	67	24	24	44	49	65	32	62	86	48	36	85	16	31	52	87	22	6	19
84	69	85	16	65	72	42	21	75	2	53	73	44	99	8	9	14	97	7	98	89	5	4	78	88	48	24	4	62	16	29	90	6	52	61	30	51	11	26	62	28	50	41	99	91	80	28	92	8	3	10	54	1	98	66	9	77	100	51	2	95	6	64	1	24	26	78	80	11	2	45	75	60	82	48	12	0	75	84	32	42	71	62	4	34	17	66	51	93	85	74	68	28	74	32	11	35	70	10	22
5	74	91	32	99	56	42	39	23	33	53	67	16	17	70	18	54	89	30	28	76	90	49	42	35	2	67	74	53	34	21	38	33	69	58	30	16	70	47	52	43	19	45	3	7	95	4	20	29	94	63	95	30	22	30	26	9	45	34	45	20	54	94	11	60	90	79	59	23	78	69	50	43	29	26	3	75	0	6	25	5	57	64	26	63	82	100	98	65	93	20	78	48	53	94	14	3	86	50	28
14	67	13	1	74	44	74	62	78	15	32	94	29	58	81	4	91	57	91	98	8	67	32	49	44	64	49	20	96	48	11	70	85	28	67	36	59	39	57	62	56	80	46	76	91	9	26	62	92	45	56	41	53	96	58	51	44	8	81	47	21	96	82	96	9	29	79	66	57	74	86	97	4	10	74	11	84	6	0	54	77	1	37	40	87	58	49	61	64	26	17	72	89	42	34	22	93	83	86	37
63	86	84	29	51	23	75	98	64	48	48	66	81	26	10	36	98	17	24	87	27	17	35	43	24	14	66	96	93	28	33	87	14	57	28	62	92	74	50	93	44	41	81	20	86	95	100	91	100	87	62	88	93	75	56	79	100	67	77	72	59	60	40	26	32	57	51	78	88	58	74	71	24	26	41	17	32	25	54	0	2	63	85	55	9	50	9	94	99	37	99	27	89	88	66	28	97	67	88	60
35	69	46	69	89	8	37	15	60	64	57	98	83	26	91	78	15	22	49	19	56	36	37	75	94	66	5	52	22	66	89	23	87	41	22	5	63	53	16	97	8	63	35	49	5	72	80	33	35	6	26	20	42	77	42	41	89	48	68	65	84	25	98	68	56	59	99	75	98	17	42	18	17	1	88	77	42	5	77	2	0	44	4	32	84	97	17	5	89	100	42	25	1	56	61	7	64	10	16	10
88	96	10	52	7	77	79	5	93	74	87	8	22	32	80	28	94	94	21	37	35	41	48	52	3	37	51	11	25	24	94	74	86	88	60	57	7	96	18	66	29	65	17	28	14	34	47	8	96	21	25	28	69	59	45	33	79	18	41	43	51	89	50	17	83	73	65	96	53	71	43	82	5	21	14	67	71	57	1	63	44	0	60	4	60	87	92	47	4	19	44	22	58	55	65	61	86	48	9	55
50	9	39	87	69	5	32	86	64	51	41	20	100	49	97	66	16	97	72	58	11	18	44	19	45	7	45	37	100	90	10	70	92	8	1	88	68	57	68	40	5	34	92	33	82	54	13	21	13	69	82	59	67	87	40	63	26	45	84	41	24	30	87	9	79	68	79	86	25	10	90	44	20	68	22	24	62	64	37	85	4	60	0	4	97	54	45	74	6	1	86	13	64	48	28	25	7	31	85	93
61	91	61	45	46	6	85	28	28	27	31	40	70	43	8	12	88	29	91	68	14	64	20	1	56	79	50	41	85	97	16	39	33	81	64	84	49	84	90	11	69	3	56	39	49	23	67	52	21	46	23	55	86	84	67	97	31	47	22	10	23	41	47	9	18	87	57	82	79	41	65	11	88	4	17	24	4	26	40	55	32	4	4	0	74	83	49	93	26	70	50	33	87	63	18	86	23	24	90	20
72	58	43	65	59	86	3	32	5	17	51	61	65	79	22	26	22	70	10	24	52	34	33	5	29	28	83	16	12	25	70	71	39	49	43	91	88	91	62	90	20	5	79	25	39	2	77	47	21	67	79	45	80	82	62	68	63	7	19	58	100	98	25	97	93	29	55	52	4	1	5	24	22	44	23	44	34	63	87	9	84	60	97	74	0	77	34	45	83	86	30	95	2	29	74	26	36	4	10	80
74	81	87	12	83	60	72	85	5	26	53	45	16	100	84	55	100	23	46	11	80	46	94	22	35	59	31	64	19	67	92	62	65	58	5	33	96	35	77	28	4	8	65	27	5	72	58	31	66	12	72	9	68	100	2	21	15	8	17	23	60	25	5	75	12	59	56	63	87	65	30	33	1	37	48	49	17	82	58	50	97	87	54	83	77	0	77	93	28	21	70	50	23	2	36	37	72	21	59	95
52	75	72	16	86	53	35	50	64	96	76	27	78	52	26	91	82	51	14	30	23	62	88	11	20	34	42	95	40	45	95	79	47	79	61	100	61	75	51	86	40	46	41	15	64	15	48	50	92	27	70	95	51	88	37	33	74	46	74	67	55	5	22	48	28	91	26	43	21	27	65	75	83	9	17	65	66	100	49	9	17	92	45	49	34	77	0	62	30	24	48	74	6	33	56	52	34	84	25	12
45	27	79	12	50	55	54	79	1	48	98	89	67	85	28	80	95	46	44	65	62	32	56	24	27	69	62	93	98	97	55	23	68	90	67	75	29	63	81	90	100	65	75	90	65	8	15	42	88	9	95	51	5	21	26	45	38	59	75	12	72	69	32	11	57	26	62	23	26	22	69	80	33	63	44	32	51	98	61	94	5	47	74	93	45	93	62	0	71	28	21	51	56	65	30	77	87	79	51	40
69	88	21	65	80	10	53	4	84	24	3	21	98	48	48	67	59	48	94	77	36	52	73	66	26	35	34	10	37	80	82	88	49	79	86	9	30	43	100	66	83	54	92	12	55	94	98	18	42	10	36	68	5	80	44	33	6	48	19	64	94	48	42	59	39	18	20	24	11	42	56	14	76	76	67	62	93	65	64	99	89	4	6	26	83	28	30	71	0	66	87	63	39	45	58	100	75	33	47	100
15	87	11	68	28	80	22	36	44	38	15	14	44	1	77	57	35	26	11	60	32	96	75	71	49	2	81	93	96	22	84	1	48	56	4	8	9	26	5	42	96	45	82	98	64	21	52	99	24	89	72	63	82	55	3	52	87	27	21	79	18	98	28	82	53	56	62	8	81	89	86	40	16	82	72	86	85	93	26	37	100	19	1	70	86	21	24	28	66	0	38	80	7	41	65	43	65	76	13	44
94	33	76	92	33	55	36	69	32	20	78	97	38	67	51	23	40	72	82	45	15	44	25	31	57	71	6	38	52	60	42	91	7	39	85	37	76	13	78	89	69	64	31	81	30	94	90	68	46	95	56	18	54	39	96	97	67	83	45	66	17	24	67	59	45	64	66	96	73	2	63	1	7	15	39	48	74	20	17	99	42	44	86	50	30	70	48	21	87	38	0	49	63	99	65	45	27	51	23	77
84	67	14	67	24	13	42	25	41	33	39	25	90	10	32	48	66	92	32	47	59	26	1	15	13	66	66	76	100	94	62	69	81	27	92	7	4	5	36	60	26	99	16	13	29	16	43	51	98	60	96	94	96	20	1	71	52	9	70	88	58	19	87	12	60	84	74	7	69	66	97	70	56	58	3	36	68	78	72	27	25	22	13	33	95	50	74	51	63	80	49	0	43	89	63	5	79	60	14	78
78	90	81	55	53	22	14	80	90	98	25	97	97	61	95	16	62	52	54	33	89	91	88	68	95	53	98	96	25	6	73	24	23	95	74	40	69	98	12	79	46	78	87	21	42	17	79	60	64	85	8	90	8	23	70	81	58	7	94	49	44	24	15	28	66	4	31	98	78	57	39	77	29	66	32	85	28	48	89	89	1	58	64	87	2	23	6	56	39	7	63	43	0	34	46	25	85	83	56	92
85	86	96	9	31	84	34	69	28	64	77	91	65	6	90	74	19	14	67	11	97	77	31	29	5	87	60	6	63	1	3	65	28	94	70	61	78	89	23	76	79	10	39	99	61	85	15	60	24	76	71	98	95	91	63	36	27	3	15	37	13	7	85	25	39	3	39	60	32	31	28	63	98	43	54	16	74	53	42	88	56	55	48	63	29	2	33	65	45	41	99	89	34	0	23	72	34	39	48	46
14	55	17	34	96	72	12	87	3	41	80	75	63	4	87	31	48	37	56	89	15	98	44	69	76	5	12	14	66	58	35	88	56	73	73	4	20	39	11	18	81	64	37	57	44	2	11	12	58	22	28	92	25	13	30	27	100	79	30	33	71	38	35	89	15	70	13	72	40	98	53	18	8	25	78	31	32	94	34	66	61	65	28	18	74	36	56	30	58	65	65	63	46	23	0	82	48	61	33	12
27	25	55	70	4	56	70	89	22	16	36	53	98	26	59	46	69	49	20	74	36	52	39	33	51	78	39	92	20	9	31	11	75	28	16	92	91	12	10	39	75	85	55	25	31	29	20	27	54	53	16	41	4	36	33	91	90	34	5	21	72	7	97	70	49	22	14	24	2	96	22	16	50	25	14	52	11	14	22	28	7	61	25	86	26	37	52	77	100	43	45	5	25	72	82	0	5	59	15	79
36	4	6	82	30	47	46	95	26	11	44	4	49	94	91	63	27	68	20	55	13	18	60	3	67	55	18	100	89	10	18	48	63	68	100	10	98	13	80	25	63	2	98	95	89	81	51	99	84	29	82	60	11	32	57	32	64	100	55	82	93	84	54	62	87	88	75	45	77	84	77	90	75	50	68	87	35	3	93	97	64	86	7	23	36	72	34	87	75	65	27	79	85	34	48	5	0	88	9	19
12	67	18	88	52	2	64	83	61	55	47	94	95	19	66	17	88	20	40	18	27	26	93	15	7	47	24	47	78	50	4	70	3	77	21	67	47	71	99	33	54	8	36	17	39	3	72	39	18	1	26	65	13	26	36	38	99	5	42	64	56	94	95	43	87	31	34	4	43	26	1	70	70	6	88	22	70	86	83	67	10	48	31	24	4	21	84	79	33	76	51	60	83	39	61	59	88	0	2	13
64	48	90	39	63	76	15	83	29	13	91	63	48	88	87	23	21	12	63	79	91	43	51	18	90	49	68	49	40	39	1	30	47	21	73	59	99	72	78	29	93	24	84	67	85	19	81	95	85	12	36	74	7	66	6	43	100	51	13	94	72	35	15	3	18	85	33	53	6	90	5	89	67	22	79	6	10	50	86	88	16	9	85	90	10	59	25	51	47	13	23	14	56	48	33	15	9	2	0	97
36	21	68	56	91	78	98	13	57	82	94	72	76	79	17	89	68	100	39	94	30	17	75	2	51	18	45	17	49	1	54	93	95	94	15	87	98	87	8	72	24	72	20	34	38	6	29	41	61	17	72	45	24	63	37	76	89	48	3	13	27	67	26	84	86	21	30	74	2	90	54	67	42	57	62	19	22	28	37	60	10	55	93	20	80	95	12	40	100	44	77	78	92	46	12	79	19	13	97	0
0	100	80	18	94	66	65	84	29	64	89	68	13	99	47	73	92	56	84	23	15	70	53	13	94	91	49	61	86	25	89	24	18	47	26	86	46	7	42	52	40	90	51	50	93	22	98	32	79	73	56	73	94	68	16	58	89	21	53	17	70	63	78	31	92	14	53	1	13	22	99	66	94	70	59	95	98	53	26	75	15	16	86	8	67	9	69	97	86	72	29	6	57	16	16	81	69	83	60	29
0	0	27	3	16	20	47	98	95	58	27	44	55	60	69	80	78	63	83	75	60	3	5	54	49	33	21	48	91	72	98	63	36	74	100	3	2	14	89	54	54	84	60	95	73	56	30	44	94	19	99	98	3	32	14	41	97	64	3	78	15	22	56	77	34	22	68	28	100	32	34	54	86	32	82	65	12	40	54	7	50	38	92	22	62	85	76	7	44	0	55	3	85	21	65	93	52	75	37	1
0	0	0	1	47	87	56	76	24	96	16	40	53	40	49	16	18	94	87	92	29	37	6	89	31	68	30	38	26	17	66	47	7	19	89	89	33	43	35	34	49	3	45	94	84	37	90	25	52	21	74	9	85	2	30	92	40	14	23	13	71	60	94	89	83	77	18	19	79	12	80	53	72	48	49	18	47	26	27	2	99	61	38	16	98	16	28	47	14	98	20	2	72	95	58	92	5	80	48	56
0	0	0	0	13	51	83	49	73	13	24	40	93	42	76	93	28	63	30	24	20	97	81	11	43	74	85	97	76	92	66	48	60	54	37	51	37	76	48	10	26	30	43	90	91	33	35	90	56	2	75	52	71	99	86	27	0	21	79	18	61	20	15	36	31	24	15	100	67	78	57	27	76	45	48	46	62	95	82	74	20	24	21	51	35	90	20	58	14	49	32	80	17	21	15	57	4	14	5	25
0	0	0	0	0	33	40	28	50	34	54	99	56	38	39	77	96	44	20	69	59	74	54	61	73	29	29	91	34	81	100	42	28	28	33	85	85	25	31	32	78	81	47	30	30	50	45	69	27	50	89	27	98	13	5	63	100	31	4	0	53	46	51	76	27	36	62	17	39	9	67	82	18	81	55	46	42	67	26	20	52	91	45	49	60	72	37	35	91	75	60	96	81	7	23	27	2	75	34	17
0	0	0	0	0	0	7	26	6	80	73	41	5	89	1	66	71	4	0	59	90	56	14	3	94	96	77	71	65	10	95	40	48	54	99	78	53	52	89	7	91	67	12	28	89	68	68	47	59	51	45	58	21	5	46	1	58	59	92	51	14	0	19	2	11	94	47	41	42	94	88	10	88	90	68	22	22	47	51	92	27	18	86	22	10	99	93	53	82	80	79	32	58	62	17	12	42	41	96	40
0	0	0	0	0	0	0	96	68	27	25	18	25	43	94	50	11	81	62	80	57	2	66	79	29	22	44	23	91	4	58	12	81	64	71	82	67	6	12	47	57	26	37	46	25	13	82	70	4	55	32	74	0	5	24	35	45	81	52	25	56	34	44	3	93	5	65	7	9	86	55	30	73	83	53	22	41	98	64	53	71	84	31	30	43	73	100	30	54	78	27	88	46	81	2	44	94	21	74	89
0	0	0	0	0	0	0	0	0	57	42	32	99	75	8	3	60	9	97	12	87	14	49	39	69	65	96	79	74	17	41	61	68	92	20	20	72	42	58	24	8	82	34	39	17	56	49	54	75	33	2	91	94	93	71	53	41	57	63	21	39	81	15	46	98	18	29	70	35	82	46	82	38	72	24	24	13	3	80	46	53	57	29	78	17	73	91	71	88	44	75	32	38	40	68	59	48	98	42	13
0	0	0	0	0	0	0	0	0	28	57	12	94	79	14	61	44	1	25	81	28	59	97	28	24	40	86	45	27	29	5	50	15	64	97	47	42	90	30	28	4	66	84	38	90	59	95	4	71	100	0	8	69	47	31	38	45	68	65	37	84	21	57	69	50	40	40	60	74	95	57	15	17	70	33	88	93	20	23	9	24	88	51	55	60	33	20	42	86	73	72	73	88	3	13	80	63	41	80	48
0	0	0	0	0	0	0	0	0	0	35	18	38	83	9	18	96	0	99	36	27	92	21	14	64	71	23	89	74	6	12	20	68	4	3	33	70	28	94	8	20	4	68	30	31	93	74	81	84	22	53	28	8	51	70	79	16	26	87	65	34	92	61	65	19	40	25	94	66	35	64	33	12	33	43	16	81	94	32	38	66	61	68	97	50	11	91	59	28	12	44	14	40	53	96	56	31	28	32	74
0	0	0	0	0	0	0	0	0	0	0	20	44	21	77	59	2	23	24	52	66	85	60	21	93	80	93	46	97	51	66	74	0	70	78	1	86	12	37	86	54	56	82	97	92	6	72	51	0	57	19	70	97	46	60	11	35	83	81	16	62	75	47	44	92	74	5	75	20	4	6	88	83	44	47	26	1	83	92	56	16	29	94	22	16	12	57	23	91	18	24	11	96	61	77	3	53	19	48	44
0	0	0	0	0	0	0	0	0	0	0	0	1	32	90	61	36	15	24	54	20	2	56	48	9	90	36	17	87	39	29	6	90	46	22	77	52	63	43	83	31	69	84	7	97	49	76	29	88	87	0	26	82	61	77	77	83	98	86	53	37	76	81	16	13	96	15	28	20	100	88	96	49	6	35	16	36	47	30	55	14	10	2	66	67	96	81	36	29	19	13	49	71	6	9	80	60	82	23	78
0	0	0	0	0	0	0	0	0	0	0	0	0	59	18	47	49	70	90	79	3	64	42	57	13	2	74	1	68	91	73	85	7	5	68	91	40	68	1	62	68	95	42	24	75	16	91	51	83	29	60	4	49	82	50	17	26	75	9	37	65	22	5	7	82	91	34	6	53	64	13	98	13	9	63	36	78	15	3	90	35	17	6	24	61	55	97	28	93	62	21	8	79	54	97	6	91	90	29	85
0	0	0	0	0	0	0	0	0	0	0	0	0	0	82	99	99	90	27	49	77	79	40	53	81	1	43	27	46	52	12	1	88	87	71	88	12	53	86	9	27	38	38	56	50	35	72	39	31	17	12	15	64	41	33	71	56	46	77	6	14	91	88	53	76	35	15	87	97	24	34	15	53	98	74	69	49	4	8	46	3	34	23	61	98	50	70	41	15	20	46	48	8	2	88	7	43	46	17	17
0	0	0	0	0	0	0	0	0	0	0	0	0	0	0	46	63	22	82	2	29	81	5	1	19	50	49	11	10	89	12	24	32	5	11	99	14	20	43	57	0	45	10	77	7	49	96	46	50	4	26	50	16	17	33	46	12	41	82	52	84	20	98	47	43	51	62	35	27	39	19	46	96	2	57	3	63	28	6	19	77	90	75	53	23	44	21	49	94	64	55	35	41	53	57	7	60	19	50	37
0	0	0	0	0	0	0	0	0	0	0	0	0	0	0	0	21	1	74	99	5	36	23	99	52	56	59	29	26	86	40	36	89	57	26	39	77	85	71	25	79	72	31	55	51	76	35	14	67	19	33	31	42	49	1	5	95	1	12	31	39	24	48	73	24	63	89	45	4	83	54	52	99	46	25	34	99	24	94	27	74	1	22	28	60	9	45	15	62	49	19	48	92	91	17	89	24	17	7	79
0	0	0	0	0	0	0	0	0	0	0	0	0	0	0	0	0	70	23	16	52	15	51	22	70	96	68	67	78	33	50	49	57	57	25	99	7	88	17	62	47	88	20	64	30	14	20	48	50	36	5	44	89	100	45	2	56	2	44	50	67	18	44	6	39	2	32	37	28	32	17	51	14	84	77	49	47	28	45	79	14	0	55	68	24	79	68	62	100	11	46	66	34	76	77	80	43	15	57	0
0	0	0	0	0	0	0	0	0	0	0	0	0	0	0	0	0	0	99	19	90	72	53	39	6	35	59	92	99	30	15	58	53	37	38	74	76	41	34	65	89	82	47	65	43	94	20	4	22	42	88	92	97	85	60	48	95	78	0	34	72	86	15	61	13	0	26	80	7	58	69	63	92	76	69	23	89	57	95	84	96	3	98	46	97	75	97	42	28	70	65	66	18	78	66	17	2	61	94	32
0	0	0	0	0	0	0	0	0	0	0	0	0	0	0	0	0	0	0	21	42	16	81	65	28	76	35	79	19	16	41	40	99	79	15	71	16	5	9	66	87	15	67	52	77	49	85	44	79	96	48	98	71	77	78	16	58	0	27	6	50	96	22	69	71	17	53	33	26	97	83	82	57	52	19	12	61	3	87	68	98	68	40	56	19	97	97	18	90	42	31	80	96	21	98	93	89	88	53	33
0	0	0	0	0	0	0	0	0	0	0	0	0	0	0	0	0	0	0	0	28	1	92	12	22	32	78	15	21	91	3	43	44	72	46	63	8	25	52	29	37	97	92	80	33	84	62	9	59	38	82	68	78	65	25	50	35	52	32	75	60	90	12	53	86	52	80	16	24	32	9	6	72	22	31	37	90	75	49	46	82	28	85	7	58	87	32	69	70	54	65	23	11	28	55	48	71	27	73	40
0	0	0	0	0	0	0	0	0	0	0	0	0	0	0	0	0	0	0	0	0	22	75	67	61	83	30	46	59	68	92	7	61	28	35	97	23	19	57	27	69	40	31	34	46	71	26	49	18	45	36	26	31	44	1	29	37	19	88	98	99	52	71	47	98	15	7	95	79	1	38	29	23	67	100	27	29	68	34	35	98	1	18	1	34	54	72	5	15	74	77	70	91	69	85	9	9	76	41	62
0	0	0	0	0	0	0	0	0	0	0	0	0	0	0	0	0	0	0	0	0	0	11	26	49	57	78	49	89	91	25	68	71	20	26	70	98	4	39	74	57	19	11	20	54	48	57	37	59	49	18	57	81	44	2	5	19	19	52	1	95	26	29	55	3	84	86	12	56	2	81	47	5	48	4	48	60	86	15	10	96	51	24	94	57	52	7	64	15	85	55	88	49	57	6	79	87	69	29	8
0	0	0	0	0	0	0	0	0	0	0	0	0	0	0	0	0	0	0	0	0	0	0	12	54	1	9	40	47	1	28	44	98	80	0	1	62	31	98	2	54	22	89	61	62	24	26	50	93	74	30	74	51	15	42	74	47	1	59	54	19	79	64	40	17	42	100	26	87	23	57	62	72	49	94	67	8	100	25	9	60	73	38	50	4	47	70	43	71	28	1	2	94	82	71	19	21	53	63	3
0	0	0	0	0	0	0	0	0	0	0	0	0	0	0	0	0	0	0	0	0	0	0	0	60	29	46	3	67	85	97	40	61	47	76	40	95	5	12	88	10	5	94	37	21	94	62	17	87	36	53	98	18	0	57	43	90	71	49	78	76	28	34	10	4	27	27	4	67	3	52	35	36	90	10	5	13	73	20	14	31	70	67	1	17	1	66	2	59	76	27	68	36	31	94	43	56	33	25	22
0	0	0	0	0	0	0	0	0	0	0	0	0	0	0	0	0	0	0	0	0	0	0	0	0	30	8	71	3	66	62	98	25	86	9	84	4	62	51	94	17	50	95	68	85	42	80	11	9	64	42	100	96	44	27	46	45	12	34	55	87	64	76	95	26	79	12	76	17	24	5	57	32	41	70	91	5	86	43	78	66	24	3	55	33	75	37	83	42	96	86	21	53	99	85	46	96	79	75	26
0	0	0	0	0	0	0	0	0	0	0	0	0	0	0	0	0	0	0	0	0	0	0	0	0	0	26	43	81	9	20	69	91	63	87	37	48	4	6	54	6	79	40	98	86	83	15	80	20	86	37	19	79	3	60	70	76	30	74	37	8	67	27	6	26	53	31	56	55	75	92	2	22	89	22	82	35	89	13	70	83	3	25	24	83	71	41	1	37	76	87	90	82	61	80	23	65	44	88	34
0	0	0	0	0	0	0	0	0	0	0	0	0	0	0	0	0	0	0	0	0	0	0	0	0	0	0	52	94	4	83	64	85	12	71	89	71	87	50	96	75	25	26	53	76	70	65	50	85	9	93	10	98	48	71	93	67	13	27	90	91	56	66	59	68	8	92	42	10	0	19	18	53	11	78	2	45	13	5	69	27	6	71	8	26	36	18	96	49	37	32	26	74	18	96	93	99	50	52	49
0	0	0	0	0	0	0	0	0	0	0	0	0	0	0	0	0	0	0	0	0	0	0	0	0	0	0	0	43	14	3	19	71	13	57	77	2	88	15	8	80	87	10	26	84	67	26	26	78	89	39	60	69	32	14	42	8	75	61	1	98	18	65	94	60	14	25	45	57	90	99	58	73	60	100	13	97	10	13	74	10	61	7	55	28	13	59	60	14	76	56	17	33	67	98	86	35	45	2	34
0	0	0	0	0	0	0	0	0	0	0	0	0	0	0	0	0	0	0	0	0	0	0	0	0	0	0	0	0	30	85	92	52	46	40	0	40	37	91	54	76	18	94	61	98	57	77	51	59	1	95	52	38	72	89	51	99	93	64	93	93	77	66	56	33	26	20	37	41	51	89	67	62	99	99	14	97	21	0	51	92	62	4	3	60	70	84	29	42	33	11	98	84	3	60	96	28	88	53	5
0	0	0	0	0	0	0	0	0	0	0	0	0	0	0	0	0	0	0	0	0	0	0	0	0	0	0	0	0	0	25	95	100	94	42	81	79	51	83	69	9	77	73	57	26	95	32	51	81	66	61	99	38	83	86	61	82	74	98	4	39	50	100	30	47	90	85	95	15	92	3	74	10	5	26	74	45	77	39	68	56	40	83	2	35	76	95	41	64	43	4	19	75	95	97	28	33	30	22	44
0	0	0	0	0	0	0	0	0	0	0	0	0	0	0	0	0	0	0	0	0	0	0	0	0	0	0	0	0	0	0	43	97	31	69	41	48	80	75	96	68	67	94	88	39	35	93	5	20	93	29	95	17	38	74	82	69	31	77	18	33	17	53	86	46	38	0	35	44	7	19	18	6	81	41	65	69	82	87	28	13	40	87	85	36	94	73	95	33	13	39	93	51	62	39	14	84	75	26	4
0	0	0	0	0	0	0	0	0	0	0	0	0	0	0	0	0	0	0	0	0	0	0	0	0	0	0	0	0	0	0	0	29	21	37	97	69	70	11	29	70	18	61	77	18	75	44	16	17	24	18	23	41	1	35	77	11	19	36	75	15	8	86	73	27	63	82	31	5	62	45	12	88	7	11	50	24	61	55	7	18	85	64	51	31	43	65	9	89	25	12	98	58	80	11	79	27	91	36	39
0	0	0	0	0	0	0	0	0	0	0	0	0	0	0	0	0	0	0	0	0	0	0	0	0	0	0	0	0	0	0	0	0	58	93	10	5	27	10	26	73	79	54	64	53	29	56	6	94	100	5	16	87	44	40	95	40	54	86	62	64	25	47	30	72	75	46	26	67	14	22	64	71	51	29	64	25	22	27	78	97	51	35	79	42	32	60	36	95	55	30	93	50	18	27	83	75	28	57	63
0	0	0	0	0	0	0	0	0	0	0	0	0	0	0	0	0	0	0	0	0	0	0	0	0	0	0	0	0	0	0	0	0	0	61	37	37	59	95	4	100	54	41	74	50	40	53	2	57	71	22	75	39	80	28	39	29	24	43	83	24	0	65	73	12	7	80	53	2	37	3	26	16	40	37	54	0	36	66	1	79	74	38	84	94	82	41	24	86	58	6	50	85	66	21	60	90	13	33	96
0	0	0	0	0	0	0	0	0	0	0	0	0	0	0	0	0	0	0	0	0	0	0	0	0	0	0	0	0	0	0	0	0	0	0	34	81	94	66	44	11	100	37	58	29	47	7	99	25	18	48	20	14	89	62	7	81	18	43	87	38	83	25	17	48	20	85	95	79	3	1	89	20	38	40	43	5	54	79	26	73	1	16	57	43	49	32	16	85	37	54	6	26	66	18	100	36	17	58	76
0	0	0	0	0	0	0	0	0	0	0	0	0	0	0	0	0	0	0	0	0	0	0	0	0	0	0	0	0	0	0	0	0	0	0	0	25	43	46	63	1	14	23	40	13	22	22	32	79	9	2	75	19	6	54	82	46	76	50	50	26	91	73	11	100	25	19	61	69	51	52	62	67	94	99	30	55	88	60	58	47	97	53	31	2	88	68	9	90	24	90	51	13	19	33	10	27	16	21	0
0	0	0	0	0	0	0	0	0	0	0	0	0	0	0	0	0	0	0	0	0	0	0	0	0	0	0	0	0	0	0	0	0	0	0	0	0	91	19	86	26	19	66	43	75	67	6	69	6	47	0	18	50	22	79	44	86	99	76	24	82	76	58	70	82	9	29	87	18	64	35	72	87	97	39	60	87	48	21	91	35	8	26	67	97	21	17	80	5	98	63	12	61	45	93	30	83	24	31	33
0	0	0	0	0	0	0	0	0	0	0	0	0	0	0	0	0	0	0	0	0	0	0	0	0	0	0	0	0	0	0	0	0	0	0	0	0	0	62	21	29	98	69	61	2	63	93	87	54	33	63	51	94	89	78	27	0	32	66	83	57	61	99	54	61	30	61	35	87	27	85	94	69	91	54	94	42	36	16	21	45	97	6	52	91	32	17	73	67	84	9	59	34	55	60	78	72	55	30	85
0	0	0	0	0	0	0	0	0	0	0	0	0	0	0	0	0	0	0	0	0	0	0	0	0	0	0	0	0	0	0	0	0	0	0	0	0	0	0	67	73	0	76	17	61	19	52	42	4	92	46	57	63	40	39	25	81	39	80	75	14	0	71	47	100	100	63	35	57	87	71	44	45	77	39	90	33	26	23	26	43	87	77	41	4	92	55	5	97	65	71	17	93	50	24	84	25	36	32	96
0	0	0	0	0	0	0	0	0	0	0	0	0	0	0	0	0	0	0	0	0	0	0	0	0	0	0	0	0	0	0	0	0	0	0	0	0	0	0	0	91	83	41	38	55	33	73	29	11	72	10	63	65	37	47	79	66	76	50	40	0	61	16	64	23	11	92	9	18	13	0	97	42	99	45	93	59	20	35	26	14	38	63	90	24	29	30	29	26	63	0	29	75	67	26	81	91	33	23	69
0	0	0	0	0	0	0	0	0	0	0	0	0	0	0	0	0	0	0	0	0	0	0	0	0	0	0	0	0	0	0	0	0	0	0	0	0	0	0	0	0	76	93	46	37	97	23	98	49	4	32	13	10	26	5	68	80	66	56	35	62	43	75	24	34	64	49	53	99	66	33	6	63	6	59	15	34	11	95	17	17	15	44	44	20	91	66	60	11	25	56	100	1	83	18	76	72	72	72	38
0	0	0	0	0	0	0	0	0	0	0	0	0	0	0	0	0	0	0	0	0	0	0	0	0	0	0	0	0	0	0	0	0	0	0	0	0	0	0	0	0	0	92	18	64	80	39	91	87	75	3	80	98	4	65	38	88	83	84	95	100	96	71	39	46	24	76	86	98	6	6	11	63	68	50	29	90	93	22	60	49	2	42	91	47	36	36	7	52	58	64	8	0	29	30	100	87	74	16	88
0	0	0	0	0	0	0	0	0	0	0	0	0	0	0	0	0	0	0	0	0	0	0	0	0	0	0	0	0	0	0	0	0	0	0	0	0	0	0	0	0	0	0	33	75	34	63	90	96	3	93	3	88	35	27	56	97	36	31	1	64	5	95	80	95	34	13	88	5	70	60	63	79	71	98	1	57	57	94	85	41	77	7	36	36	9	60	33	40	29	52	94	50	86	68	66	90	67	41	61
0	0	0	0	0	0	0	0	0	0	0	0	0	0	0	0	0	0	0	0	0	0	0	0	0	0	0	0	0	0	0	0	0	0	0	0	0	0	0	0	0	0	0	0	34	73	3	27	31	0	68	82	55	59	98	56	39	74	22	48	17	79	26	82	35	56	59	19	19	35	23	31	51	4	21	3	91	63	71	1	68	53	7	7	36	21	14	60	7	38	21	27	19	6	51	13	95	17	46	12
0	0	0	0	0	0	0	0	0	0	0	0	0	0	0	0	0	0	0	0	0	0	0	0	0	0	0	0	0	0	0	0	0	0	0	0	0	0	0	0	0	0	0	0	0	46	26	75	79	71	56	86	9	67	55	80	33	20	37	94	40	76	83	35	93	17	27	35	43	4	99	91	45	69	40	75	25	72	30	24	84	64	85	84	95	51	23	6	67	48	56	95	55	9	88	7	25	63	10	77
0	0	0	0	0	0	0	0	0	0	0	0	0	0	0	0	0	0	0	0	0	0	0	0	0	0	0	0	0	0	0	0	0	0	0	0	0	0	0	0	0	0	0	0	0	0	12	39	29	29	90	22	47	69	67	98	50	16	57	69	89	50	15	71	58	76	67	48	67	68	40	64	85	46	5	69	96	56	88	63	83	75	69	1	35	50	95	66	51	68	60	56	89	86	78	43	17	18	92	31
0	0	0	0	0	0	0	0	0	0	0	0	0	0	0	0	0	0	0	0	0	0	0	0	0	0	0	0	0	0	0	0	0	0	0	0	0	0	0	0	0	0	0	0	0	0	0	3	25	41	60	46	11	58	92	52	30	37	19	49	64	54	57	73	20	59	54	98	5	34	27	57	5	36	83	3	74	64	7	29	87	22	56	11	65	55	33	50	75	11	63	59	55	21	97	69	78	26	59	9
0	0	0	0	0	0	0	0	0	0	0	0	0	0	0	0	0	0	0	0	0	0	0	0	0	0	0	0	0	0	0	0	0	0	0	0	0	0	0	0	0	0	0	0	0	0	0	0	18	80	15	78	17	23	35	55	81	53	11	81	78	29	64	96	85	71	14	68	45	38	8	8	43	51	20	13	51	14	40	3	96	19	45	46	18	91	17	16	26	30	100	72	24	37	4	40	3	24	55	90
0	0	0	0	0	0	0	0	0	0	0	0	0	0	0	0	0	0	0	0	0	0	0	0	0	0	0	0	0	0	0	0	0	0	0	0	0	0	0	0	0	0	0	0	0	0	0	0	0	74	32	5	33	5	90	38	58	66	46	33	53	11	62	78	46	30	41	14	67	5	6	39	34	41	21	55	36	97	99	23	30	79	26	48	37	9	8	27	12	90	28	73	62	96	98	66	66	48	89	22
0	0	0	0	0	0	0	0	0	0	0	0	0	0	0	0	0	0	0	0	0	0	0	0	0	0	0	0	0	0	0	0	0	0	0	0	0	0	0	0	0	0	0	0	0	0	0	0	0	0	47	43	6	61	26	41	32	86	59	38	71	36	83	7	25	18	16	24	72	100	75	69	64	30	39	18	18	29	57	69	32	60	68	26	89	85	39	90	36	2	77	4	94	84	100	64	88	77	12	82
0	0	0	0	0	0	0	0	0	0	0	0	0	0	0	0	0	0	0	0	0	0	0	0	0	0	0	0	0	0	0	0	0	0	0	0	0	0	0	0	0	0	0	0	0	0	0	0	0	0	0	79	29	48	23	24	44	47	91	85	85	76	80	32	37	0	62	34	43	13	84	46	7	12	71	54	85	27	40	68	89	9	27	93	34	81	9	23	70	71	98	97	64	93	12	74	73	66	38	96
0	0	0	0	0	0	0	0	0	0	0	0	0	0	0	0	0	0	0	0	0	0	0	0	0	0	0	0	0	0	0	0	0	0	0	0	0	0	0	0	0	0	0	0	0	0	0	0	0	0	0	0	12	85	27	30	34	53	45	50	49	14	98	68	43	41	20	57	11	72	75	14	11	5	60	7	26	67	98	63	31	86	26	64	100	92	100	62	39	12	85	88	0	10	75	0	80	69	31	16
0	0	0	0	0	0	0	0	0	0	0	0	0	0	0	0	0	0	0	0	0	0	0	0	0	0	0	0	0	0	0	0	0	0	0	0	0	0	0	0	0	0	0	0	0	0	0	0	0	0	0	0	0	25	96	85	44	68	39	30	17	43	48	44	35	59	92	24	9	4	48	95	76	48	93	9	92	59	67	56	96	14	69	40	26	20	16	3	16	78	7	38	92	4	1	25	10	12	32	53
0	0	0	0	0	0	0	0	0	0	0	0	0	0	0	0	0	0	0	0	0	0	0	0	0	0	0	0	0	0	0	0	0	0	0	0	0	0	0	0	0	0	0	0	0	0	0	0	0	0	0	0	0	0	95	11	12	40	79	89	82	19	77	20	29	64	21	26	47	72	85	28	5	15	77	32	38	26	49	54	6	58	70	36	19	55	100	89	95	11	5	76	22	67	3	23	67	23	97	73
0	0	0	0	0	0	0	0	0	0	0	0	0	0	0	0	0	0	0	0	0	0	0	0	0	0	0	0	0	0	0	0	0	0	0	0	0	0	0	0	0	0	0	0	0	0	0	0	0	0	0	0	0	0	0	64	76	22	42	99	82	88	3	75	9	60	71	16	78	53	99	93	72	65	51	10	82	13	90	13	25	67	95	69	6	95	22	55	95	69	95	5	50	21	6	5	30	89	60	27
0	0	0	0	0	0	0	0	0	0	0	0	0	0	0	0	0	0	0	0	0	0	0	0	0	0	0	0	0	0	0	0	0	0	0	0	0	0	0	0	0	0	0	0	0	0	0	0	0	0	0	0	0	0	0	0	58	7	61	60	2	64	53	57	61	15	43	37	38	17	4	18	28	75	53	15	97	32	11	14	50	98	15	41	43	4	75	67	27	85	22	77	66	84	19	5	0	67	79	92
0	0	0	0	0	0	0	0	0	0	0	0	0	0	0	0	0	0	0	0	0	0	0	0	0	0	0	0	0	0	0	0	0	0	0	0	0	0	0	0	0	0	0	0	0	0	0	0	0	0	0	0	0	0	0	0	0	0	88	1	25	72	78	86	95	92	44	89	71	84	5	0	72	1	84	52	76	46	86	61	50	97	80	93	68	37	78	54	33	82	60	37	34	63	48	32	27	71	39	27
0	0	0	0	0	0	0	0	0	0	0	0	0	0	0	0	0	0	0	0	0	0	0	0	0	0	0	0	0	0	0	0	0	0	0	0	0	0	0	0	0	0	0	0	0	0	0	0	0	0	0	0	0	0	0	0	0	0	34	49	86	89	24	45	56	20	79	12	2	8	9	16	82	75	12	45	35	69	95	64	34	39	78	38	36	75	10	87	38	48	78	49	69	39	14	35	30	90	0	70
0	0	0	0	0	0	0	0	0	0	0	0	0	0	0	0	0	0	0	0	0	0	0	0	0	0	0	0	0	0	0	0	0	0	0	0	0	0	0	0	0	0	0	0	0	0	0	0	0	0	0	0	0	0	0	0	0	0	0	13	37	29	58	30	27	12	11	27	56	68	21	92	26	60	29	69	71	73	4	69	6	46	85	98	6	78	36	47	29	89	56	66	41	37	74	85	68	66	26	0
0	0	0	0	0	0	0	0	0	0	0	0	0	0	0	0	0	0	0	0	0	0	0	0	0	0	0	0	0	0	0	0	0	0	0	0	0	0	0	0	0	0	0	0	0	0	0	0	0	0	0	0	0	0	0	0	0	0	0	0	25	10	33	5	67	59	93	46	58	77	4	37	0	31	79	12	26	74	22	22	85	57	72	93	71	33	11	24	4	3	77	72	8	60	97	77	34	41	53	78
0	0	0	0	0	0	0	0	0	0	0	0	0	0	0	0	0	0	0	0	0	0	0	0	0	0	0	0	0	0	0	0	0	0	0	0	0	0	0	0	0	0	0	0	0	0	0	0	0	0	0	0	0	0	0	0	0	0	0	0	0	100	22	94	49	83	24	93	34	26	83	89	74	98	82	39	3	8	93	89	97	63	95	65	19	11	98	0	5	11	18	92	88	5	99	86	7	84	32	92
0	0	0	0	0	0	0	0	0	0	0	0	0	0	0	0	0	0	0	0	0	0	0	0	0	0	0	0	0	0	0	0	0	0	0	0	0	0	0	0	0	0	0	0	0	0	0	0	0	0	0	0	0	0	0	0	0	0	0	0	0	0	13	79	4	66	84	47	71	59	11	29	19	3	81	92	28	68	16	56	3	83	71	6	63	51	52	70	0	40	83	30	79	47	43	11	75	23	29	48
0	0	0	0	0	0	0	0	0	0	0	0	0	0	0	0	0	0	0	0	0	0	0	0	0	0	0	0	0	0	0	0	0	0	0	0	0	0	0	0	0	0	0	0	0	0	0	0	0	0	0	0	0	0	0	0	0	0	0	0	0	0	0	95	45	91	30	24	72	2	23	88	11	51	84	59	75	92	0	13	72	15	100	2	2	71	55	3	58	55	35	59	69	39	17	49	49	76	2	34
0	0	0	0	0	0	0	0	0	0	0	0	0	0	0	0	0	0	0	0	0	0	0	0	0	0	0	0	0	0	0	0	0	0	0	0	0	0	0	0	0	0	0	0	0	0	0	0	0	0	0	0	0	0	0	0	0	0	0	0	0	0	0	0	79	48	24	99	39	55	24	19	90	2	44	45	4	67	89	11	1	8	36	61	49	85	83	68	37	29	86	23	49	73	44	84	17	64	62	45
0	0	0	0	0	0	0	0	0	0	0	0	0	0	0	0	0	0	0	0	0	0	0	0	0	0	0	0	0	0	0	0	0	0	0	0	0	0	0	0	0	0	0	0	0	0	0	0	0	0	0	0	0	0	0	0	0	0	0	0	0	0	0	0	0	7	12	0	74	45	99	4	44	85	91	55	44	38	24	61	29	80	54	41	82	62	94	2	87	36	74	93	33	98	64	25	57	43	25	79
0	0	0	0	0	0	0	0	0	0	0	0	0	0	0	0	0	0	0	0	0	0	0	0	0	0	0	0	0	0	0	0	0	0	0	0	0	0	0	0	0	0	0	0	0	0	0	0	0	0	0	0	0	0	0	0	0	0	0	0	0	0	0	0	0	0	44	73	17	17	2	94	43	0	47	11	91	70	8	22	15	73	70	39	37	19	48	21	93	55	92	26	71	91	61	93	29	69	36	77
0	0	0	0	0	0	0	0	0	0	0	0	0	0	0	0	0	0	0	0	0	0	0	0	0	0	0	0	0	0	0	0	0	0	0	0	0	0	0	0	0	0	0	0	0	0	0	0	0	0	0	0	0	0	0	0	0	0	0	0	0	0	0	0	0	0	0	48	65	18	66	87	46	3	99	39	89	38	99	5	87	10	91	41	8	53	32	31	19	48	49	74	29	25	64	3	8	30	4	22
0	0	0	0	0	0	0	0	0	0	0	0	0	0	0	0	0	0	0	0	0	0	0	0	0	0	0	0	0	0	0	0	0	0	0	0	0	0	0	0	0	0	0	0	0	0	0	0	0	0	0	0	0	0	0	0	0	0	0	0	0	0	0	0	0	0	0	0	86	46	26	72	55	70	8	35	41	28	12	26	98	74	17	22	57	44	40	10	11	41	58	82	88	63	7	83	3	61	19	88
0	0	0	0	0	0	0	0	0	0	0	0	0	0	0	0	0	0	0	0	0	0	0	0	0	0	0	0	0	0	0	0	0	0	0	0	0	0	0	0	0	0	0	0	0	0	0	0	0	0	0	0	0	0	0	0	0	0	0	0	0	0	0	0	0	0	0	0	0	94	52	83	28	34	20	0	64	78	24	47	47	74	59	15	50	13	27	22	37	93	46	8	78	2	54	27	33	45	27	13
0	0	0	0	0	0	0	0	0	0	0	0	0	0	0	0	0	0	0	0	0	0	0	0	0	0	0	0	0	0	0	0	0	0	0	0	0	0	0	0	0	0	0	0	0	0	0	0	0	0	0	0	0	0	0	0	0	0	0	0	0	0	0	0	0	0	0	0	0	0	44	3	3	1	55	76	60	88	34	30	20	29	15	55	57	44	77	95	91	25	11	75	32	48	48	57	51	62	41	27
0	0	0	0	0	0	0	0	0	0	0	0	0	0	0	0	0	0	0	0	0	0	0	0	0	0	0	0	0	0	0	0	0	0	0	0	0	0	0	0	0	0	0	0	0	0	0	0	0	0	0	0	0	0	0	0	0	0	0	0	0	0	0	0	0	0	0	0	0	0	0	67	54	97	48	65	44	13	64	0	0	62	67	65	71	27	61	70	17	24	11	17	14	1	66	89	32	95	80	62
0	0	0	0	0	0	0	0	0	0	0	0	0	0	0	0	0	0	0	0	0	0	0	0	0	0	0	0	0	0	0	0	0	0	0	0	0	0	0	0	0	0	0	0	0	0	0	0	0	0	0	0	0	0	0	0	0	0	0	0	0	0	0	0	0	0	0	0	0	0	0	0	56	87	60	88	18	11	88	24	43	80	89	16	59	22	100	66	7	86	15	43	19	2	45	51	50	75	32	22
0	0	0	0	0	0	0	0	0	0	0	0	0	0	0	0	0	0	0	0	0	0	0	0	0	0	0	0	0	0	0	0	0	0	0	0	0	0	0	0	0	0	0	0	0	0	0	0	0	0	0	0	0	0	0	0	0	0	0	0	0	0	0	0	0	0	0	0	0	0	0	0	0	27	17	83	11	0	78	29	89	85	19	72	11	68	23	12	76	34	44	88	34	14	40	9	57	94	44	85
0	0	0	0	0	0	0	0	0	0	0	0	0	0	0	0	0	0	0	0	0	0	0	0	0	0	0	0	0	0	0	0	0	0	0	0	0	0	0	0	0	0	0	0	0	0	0	0	0	0	0	0	0	0	0	0	0	0	0	0	0	0	0	0	0	0	0	0	0	0	0	0	0	0	48	4	25	18	88	64	82	44	94	49	37	30	1	67	78	93	77	24	71	40	80	19	94	38	78	93
0	0	0	0	0	0	0	0	0	0	0	0	0	0	0	0	0	0	0	0	0	0	0	0	0	0	0	0	0	0	0	0	0	0	0	0	0	0	0	0	0	0	0	0	0	0	0	0	0	0	0	0	0	0	0	0	0	0	0	0	0	0	0	0	0	0	0	0	0	0	0	0	0	0	0	92	83	35	2	35	75	74	55	40	63	69	46	21	18	1	39	65	69	15	91	28	63	95	99	72
0	0	0	0	0	0	0	0	0	0	0	0	0	0	0	0	0	0	0	0	0	0	0	0	0	0	0	0	0	0	0	0	0	0	0	0	0	0	0	0	0	0	0	0	0	0	0	0	0	0	0	0	0	0	0	0	0	0	0	0	0	0	0	0	0	0	0	0	0	0	0	0	0	0	0	0	13	95	32	4	56	51	10	62	70	60	17	79	65	40	0	70	36	15	30	14	28	9	74	26
0	0	0	0	0	0	0	0	0	0	0	0	0	0	0	0	0	0	0	0	0	0	0	0	0	0	0	0	0	0	0	0	0	0	0	0	0	0	0	0	0	0	0	0	0	0	0	0	0	0	0	0	0	0	0	0	0	0	0	0	0	0	0	0	0	0	0	0	0	0	0	0	0	0	0	0	0	56	61	70	88	39	45	89	10	34	33	79	24	31	97	57	66	27	77	43	61	85	57	97
0	0	0	0	0	0	0	0	0	0	0	0	0	0	0	0	0	0	0	0	0	0	0	0	0	0	0	0	0	0	0	0	0	0	0	0	0	0	0	0	0	0	0	0	0	0	0	0	0	0	0	0	0	0	0	0	0	0	0	0	0	0	0	0	0	0	0	0	0	0	0	0	0	0	0	0	0	0	19	46	83	31	8	10	72	15	53	3	32	32	11	75	40	48	11	62	77	70	8	66
0	0	0	0	0	0	0	0	0	0	0	0	0	0	0	0	0	0	0	0	0	0	0	0	0	0	0	0	0	0	0	0	0	0	0	0	0	0	0	0	0	0	0	0	0	0	0	0	0	0	0	0	0	0	0	0	0	0	0	0	0	0	0	0	0	0	0	0	0	0	0	0	0	0	0	0	0	0	0	34	48	51	15	44	94	100	45	95	53	83	7	66	78	34	54	38	11	74	57	61
0	0	0	0	0	0	0	0	0	0	0	0	0	0	0	0	0	0	0	0	0	0	0	0	0	0	0	0	0	0	0	0	0	0	0	0	0	0	0	0	0	0	0	0	0	0	0	0	0	0	0	0	0	0	0	0	0	0	0	0	0	0	0	0	0	0	0	0	0	0	0	0	0	0	0	0	0	0	0	0	32	9	5	47	94	58	11	42	32	25	27	52	83	80	47	51	34	82	35	48
0	0	0	0	0	0	0	0	0	0	0	0	0	0	0	0	0	0	0	0	0	0	0	0	0	0	0	0	0	0	0	0	0	0	0	0	0	0	0	0	0	0	0	0	0	0	0	0	0	0	0	0	0	0	0	0	0	0	0	0	0	0	0	0	0	0	0	0	0	0	0	0	0	0	0	0	0	0	0	0	0	64	28	95	68	64	66	84	56	15	12	81	9	16	35	28	52	38	97	78
0	0	0	0	0	0	0	0	0	0	0	0	0	0	0	0	0	0	0	0	0	0	0	0	0	0	0	0	0	0	0	0	0	0	0	0	0	0	0	0	0	0	0	0	0	0	0	0	0	0	0	0	0	0	0	0	0	0	0	0	0	0	0	0	0	0	0	0	0	0	0	0	0	0	0	0	0	0	0	0	0	0	63	29	20	20	68	90	61	78	21	89	64	96	8	18	15	57	62	32
0	0	0	0	0	0	0	0	0	0	0	0	0	0	0	0	0	0	0	0	0	0	0	0	0	0	0	0	0	0	0	0	0	0	0	0	0	0	0	0	0	0	0	0	0	0	0	0	0	0	0	0	0	0	0	0	0	0	0	0	0	0	0	0	0	0	0	0	0	0	0	0	0	0	0	0	0	0	0	0	0	0	0	60	28	6	99	27	44	28	28	22	74	18	19	83	96	50	52	37
0	0	0	0	0	0	0	0	0	0	0	0	0	0	0	0	0	0	0	0	0	0	0	0	0	0	0	0	0	0	0	0	0	0	0	0	0	0	0	0	0	0	0	0	0	0	0	0	0	0	0	0	0	0	0	0	0	0	0	0	0	0	0	0	0	0	0	0	0	0	0	0	0	0	0	0	0	0	0	0	0	0	0	0	26	76	68	75	31	62	50	85	63	16	56	82	7	45	6	60
0	0	0	0	0	0	0	0	0	0	0	0	0	0	0	0	0	0	0	0	0	0	0	0	0	0	0	0	0	0	0	0	0	0	0	0	0	0	0	0	0	0	0	0	0	0	0	0	0	0	0	0	0	0	0	0	0	0	0	0	0	0	0	0	0	0	0	0	0	0	0	0	0	0	0	0	0	0	0	0	0	0	0	0	0	48	12	99	84	1	23	62	59	16	81	92	37	46	92	19
0	0	0	0	0	0	0	0	0	0	0	0	0	0	0	0	0	0	0	0	0	0	0	0	0	0	0	0	0	0	0	0	0	0	0	0	0	0	0	0	0	0	0	0	0	0	0	0	0	0	0	0	0	0	0	0	0	0	0	0	0	0	0	0	0	0	0	0	0	0	0	0	0	0	0	0	0	0	0	0	0	0	0	0	0	0	22	2	43	89	2	20	70	99	8	32	76	24	10	76
0	0	0	0	0	0	0	0	0	0	0	0	0	0	0	0	0	0	0	0	0	0	0	0	0	0	0	0	0	0	0	0	0	0	0	0	0	0	0	0	0	0	0	0	0	0	0	0	0	0	0	0	0	0	0	0	0	0	0	0	0	0	0	0	0	0	0	0	0	0	0	0	0	0	0	0	0	0	0	0	0	0	0	0	0	0	0	17	49	24	30	37	17	68	97	19	55	7	57	29
0	0	0	0	0	0	0	0	0	0	0	0	0	0	0	0	0	0	0	0	0	0	0	0	0	0	0	0	0	0	0	0	0	0	0	0	0	0	0	0	0	0	0	0	0	0	0	0	0	0	0	0	0	0	0	0	0	0	0	0	0	0	0	0	0	0	0	0	0	0	0	0	0	0	0	0	0	0	0	0	0	0	0	0	0	0	0	0	100	78	46	95	96	83	50	27	80	5	96	63
0	0	0	0	0	0	0	0	0	0	0	0	0	0	0	0	0	0	0	0	0	0	0	0	0	0	0	0	0	0	0	0	0	0	0	0	0	0	0	0	0	0	0	0	0	0	0	0	0	0	0	0	0	0	0	0	0	0	0	0	0	0	0	0	0	0	0	0	0	0	0	0	0	0	0	0	0	0	0	0	0	0	0	0	0	0	0	0	0	44	7	49	34	62	80	7	69	75	70	36
0	0	0	0	0	0	0	0	0	0	0	0	0	0	0	0	0	0	0	0	0	0	0	0	0	0	0	0	0	0	0	0	0	0	0	0	0	0	0	0	0	0	0	0	0	0	0	0	0	0	0	0	0	0	0	0	0	0	0	0	0	0	0	0	0	0	0	0	0	0	0	0	0	0	0	0	0	0	0	0	0	0	0	0	0	0	0	0	0	0	73	97	13	79	19	50	53	45	69	32
0	0	0	0	0	0	0	0	0	0	0	0	0	0	0	0	0	0	0	0	0	0	0	0	0	0	0	0	0	0	0	0	0	0	0	0	0	0	0	0	0	0	0	0	0	0	0	0	0	0	0	0	0	0	0	0	0	0	0	0	0	0	0	0	0	0	0	0	0	0	0	0	0	0	0	0	0	0	0	0	0	0	0	0	0	0	0	0	0	0	0	7	85	3	57	50	73	69	26	64
0	0	0	0	0	0	0	0	0	0	0	0	0	0	0	0	0	0	0	0	0	0	0	0	0	0	0	0	0	0	0	0	0	0	0	0	0	0	0	0	0	0	0	0	0	0	0	0	0	0	0	0	0	0	0	0	0	0	0	0	0	0	0	0	0	0	0	0	0	0	0	0	0	0	0	0	0	0	0	0	0	0	0	0	0	0	0	0	0	0	0	0	3	70	47	88	61	71	6	3
0	0	0	0	0	0	0	0	0	0	0	0	0	0	0	0	0	0	0	0	0	0	0	0	0	0	0	0	0	0	0	0	0	0	0	0	0	0	0	0	0	0	0	0	0	0	0	0	0	0	0	0	0	0	0	0	0	0	0	0	0	0	0	0	0	0	0	0	0	0	0	0	0	0	0	0	0	0	0	0	0	0	0	0	0	0	0	0	0	0	0	0	0	85	28	7	20	12	3	9
0	0	0	0	0	0	0	0	0	0	0	0	0	0	0	0	0	0	0	0	0	0	0	0	0	0	0	0	0	0	0	0	0	0	0	0	0	0	0	0	0	0	0	0	0	0	0	0	0	0	0	0	0	0	0	0	0	0	0	0	0	0	0	0	0	0	0	0	0	0	0	0	0	0	0	0	0	0	0	0	0	0	0	0	0	0	0	0	0	0	0	0	0	0	23	90	27	82	14	78
0	0	0	0	0	0	0	0	0	0	0	0	0	0	0	0	0	0	0	0	0	0	0	0	0	0	0	0	0	0	0	0	0	0	0	0	0	0	0	0	0	0	0	0	0	0	0	0	0	0	0	0	0	0	0	0	0	0	0	0	0	0	0	0	0	0	0	0	0	0	0	0	0	0	0	0	0	0	0	0	0	0	0	0	0	0	0	0	0	0	0	0	0	0	0	83	6	96	48	9
0	0	0	0	0	0	0	0	0	0	0	0	0	0	0	0	0	0	0	0	0	0	0	0	0	0	0	0	0	0	0	0	0	0	0	0	0	0	0	0	0	0	0	0	0	0	0	0	0	0	0	0	0	0	0	0	0	0	0	0	0	0	0	0	0	0	0	0	0	0	0	0	0	0	0	0	0	0	0	0	0	0	0	0	0	0	0	0	0	0	0	0	0	0	0	0	69	81	98	87
0	0	0	0	0	0	0	0	0	0	0	0	0	0	0	0	0	0	0	0	0	0	0	0	0	0	0	0	0	0	0	0	0	0	0	0	0	0	0	0	0	0	0	0	0	0	0	0	0	0	0	0	0	0	0	0	0	0	0	0	0	0	0	0	0	0	0	0	0	0	0	0	0	0	0	0	0	0	0	0	0	0	0	0	0	0	0	0	0	0	0	0	0	0	0	0	0	74	47	95
0	0	0	0	0	0	0	0	0	0	0	0	0	0	0	0	0	0	0	0	0	0	0	0	0	0	0	0	0	0	0	0	0	0	0	0	0	0	0	0	0	0	0	0	0	0	0	0	0	0	0	0	0	0	0	0	0	0	0	0	0	0	0	0	0	0	0	0	0	0	0	0	0	0	0	0	0	0	0	0	0	0	0	0	0	0	0	0	0	0	0	0	0	0	0	0	0	0	96	69
0	0	0	0	0	0	0	0	0	0	0	0	0	0	0	0	0	0	0	0	0	0	0	0	0	0	0	0	0	0	0	0	0	0	0	0	0	0	0	0	0	0	0	0	0	0	0	0	0	0	0	0	0	0	0	0	0	0	0	0	0	0	0	0	0	0	0	0	0	0	0	0	0	0	0	0	0	0	0	0	0	0	0	0	0	0	0	0	0	0	0	0	0	0	0	0	0	0	0	42
0	0	0	0	0	0	0	0	0	0	0	0	0	0	0	0	0	0	0	0	0	0	0	0	0	0	0	0	0	0	0	0	0	0	0	0	0	0	0	0	0	0	0	0	0	0	0	0	0	0	0	0	0	0	0	0	0	0	0	0	0	0	0	0	0	0	0	0	0	0	0	0	0	0	0	0	0	0	0	0	0	0	0	0	0	0	0	0	0	0	0	0	0	0	0	0	0	0	0	0
