90 
0 93 63 62 50 55 25 63 77 62 28 67 35 86 36 24 17 78 100 72 97 99 50 88 32 98 27 64 75 85 67 24 51 51 100 56 86 41 17 26 60 58 84 92 81 87 100 48 99 32 66 93 9 60 88 54 28 20 27 88 81 2 24 43 41 74 98 87 9 79 26 71 89 93 74 14 29 14 91 87 59 28 10 40 75 94 57 17 23 88 
93 0 29 30 18 85 53 25 4 47 45 19 95 96 87 2 63 68 87 3 89 52 19 63 62 72 92 36 35 100 78 62 13 94 73 20 85 80 98 15 49 30 58 21 4 87 80 30 37 96 66 64 12 78 61 96 20 79 100 7 69 22 32 36 29 36 93 10 40 56 77 99 25 68 88 100 81 9 40 17 63 63 65 12 81 98 18 57 83 40 
63 29 0 75 34 61 5 88 11 17 69 96 59 19 51 66 97 86 21 50 36 94 74 85 84 67 8 78 33 50 12 11 47 51 61 73 95 28 62 30 36 32 78 89 15 38 28 43 69 98 14 27 72 64 49 14 27 11 84 88 30 35 66 86 93 46 17 39 52 92 40 30 78 66 3 15 23 37 86 79 64 61 1 40 34 45 83 29 55 64 
62 30 75 0 10 23 63 25 50 70 77 65 65 72 73 31 75 69 65 10 82 56 72 71 10 52 76 64 55 82 26 53 99 34 70 38 30 34 38 81 72 59 97 97 71 39 5 56 36 57 28 46 79 37 39 56 16 100 96 21 94 26 60 4 11 5 92 5 70 48 23 27 8 5 30 2 52 73 94 77 9 42 99 15 54 95 61 28 82 36 
50 18 34 10 0 90 47 18 3 100 33 24 41 88 35 8 36 69 20 45 80 78 77 23 26 29 82 80 45 68 99 61 89 80 93 10 86 35 70 24 8 75 2 10 89 30 72 32 100 46 11 75 62 8 29 57 10 83 36 67 33 16 87 13 3 34 32 74 51 9 34 21 12 37 5 71 90 7 57 18 36 44 85 94 92 81 83 48 28 78 
55 85 61 23 90 0 26 4 22 84 97 47 20 49 12 91 64 82 31 10 23 50 83 63 4 88 14 28 84 4 24 88 57 46 67 67 91 3 29 9 20 41 61 49 56 68 21 31 26 18 18 86 74 41 79 40 86 39 33 55 70 32 56 1 17 84 28 39 49 97 43 11 87 11 65 33 45 79 52 46 23 64 8 47 85 93 81 24 6 90 
25 53 5 63 47 26 0 57 34 30 34 45 49 7 18 30 90 59 9 45 3 20 82 53 75 54 76 23 22 64 86 43 79 99 4 30 74 19 89 11 28 78 91 16 45 28 29 53 65 60 94 30 63 54 23 6 14 3 78 95 16 5 35 42 26 70 39 38 100 26 17 50 48 52 69 33 32 2 20 94 20 58 70 94 42 98 69 3 56 50 
63 25 88 25 18 4 57 0 41 57 24 18 48 14 28 21 41 96 79 43 86 44 87 55 71 94 35 93 59 60 48 5 65 7 47 45 96 65 94 17 55 71 10 7 17 37 96 87 4 83 65 69 60 89 53 1 61 28 22 28 22 44 3 52 14 96 5 74 92 33 32 82 58 66 43 86 52 37 8 21 51 60 80 50 79 47 88 67 77 9 
77 4 11 50 3 22 34 41 0 8 26 30 87 100 14 97 34 56 14 71 55 45 17 15 51 2 9 81 16 84 42 75 61 91 53 15 13 100 76 61 3 79 88 49 90 31 33 39 19 12 30 80 19 73 48 81 5 32 70 68 66 68 78 61 76 52 87 23 74 68 50 17 94 57 55 2 53 17 98 10 99 92 52 19 35 75 26 34 28 13 
62 47 17 70 100 84 30 57 8 0 28 77 7 86 51 61 57 68 85 10 10 37 33 61 30 6 53 46 82 88 67 92 12 84 23 93 25 77 35 98 87 63 99 64 7 35 33 22 9 53 4 80 91 81 77 36 92 96 7 27 7 5 68 42 7 28 35 64 100 65 70 60 40 33 100 20 87 52 7 24 46 67 72 25 82 75 11 29 19 59 
28 45 69 77 33 97 34 24 26 28 0 14 97 38 69 91 68 79 73 12 10 60 67 1 16 50 15 26 1 90 50 78 93 96 44 26 22 54 67 13 1 25 59 76 100 53 12 87 80 4 58 32 25 84 92 48 9 74 94 63 10 66 96 5 91 82 4 27 45 97 14 66 6 24 54 100 97 4 30 81 14 69 20 90 6 97 68 67 1 39 
67 19 96 65 24 47 45 18 30 77 14 0 28 51 61 97 7 18 92 25 100 83 8 3 100 7 57 80 29 45 5 97 27 98 40 43 7 94 26 19 48 67 83 35 76 15 25 99 48 75 79 86 7 81 97 8 34 86 9 60 31 48 92 45 40 8 67 27 46 13 97 74 7 39 49 85 54 76 88 99 62 82 13 69 81 59 22 70 51 51 
35 95 59 65 41 20 49 48 87 7 97 28 0 20 75 8 68 60 72 18 60 25 94 31 4 25 90 97 33 44 93 65 50 68 86 50 30 24 88 43 75 42 85 9 5 98 80 57 73 52 44 31 33 62 16 32 39 96 1 58 50 37 87 41 11 87 33 37 88 69 74 16 88 54 65 15 11 39 48 89 77 24 40 54 20 56 91 84 77 51 
86 96 19 72 88 49 7 14 100 86 38 51 20 0 90 87 82 55 75 65 89 30 5 61 91 16 25 40 26 82 39 41 96 23 15 72 2 8 51 64 38 95 83 96 16 78 44 54 55 90 44 45 39 27 50 91 31 18 29 44 97 5 25 26 93 89 32 77 64 16 9 26 42 78 11 34 33 61 17 47 75 54 49 80 62 65 54 74 61 85 
36 87 51 73 35 12 18 28 14 51 69 61 75 90 0 71 24 26 54 92 63 23 55 74 9 80 52 15 99 66 17 93 87 66 90 89 34 73 38 84 89 21 76 48 100 4 76 18 67 79 31 83 26 60 27 4 46 21 48 79 41 78 45 59 29 90 28 8 91 28 99 57 16 42 20 4 51 56 70 60 81 87 19 51 38 80 20 35 79 23 
24 2 66 31 8 91 30 21 97 61 91 97 8 87 71 0 71 92 34 87 20 82 46 67 7 42 32 28 90 72 40 95 85 4 21 75 7 51 55 25 39 44 34 26 55 73 18 19 94 67 56 91 10 92 19 91 20 2 32 49 3 49 82 75 9 66 54 47 14 24 14 8 54 4 47 87 64 45 7 20 87 69 52 86 97 44 76 33 37 63 
17 63 97 75 36 64 90 41 34 57 68 7 68 82 24 71 0 92 47 61 18 44 46 77 5 13 27 84 94 18 26 38 29 16 82 76 28 23 76 21 17 64 60 31 85 10 60 18 52 61 98 76 34 44 100 67 52 86 26 2 21 36 72 75 57 59 38 22 62 99 9 71 91 54 45 47 87 53 48 47 75 56 45 34 2 32 66 19 48 43 
78 68 86 69 69 82 59 96 56 68 79 18 60 55 26 92 92 0 11 22 45 96 63 60 80 1 56 8 79 86 4 86 68 8 62 22 72 88 64 34 74 37 83 9 78 54 32 56 24 70 72 52 52 29 30 66 24 91 7 82 99 75 88 33 80 61 43 20 43 53 11 60 98 39 27 73 69 71 17 60 49 58 29 66 93 23 94 64 69 53 
100 87 21 65 20 31 9 79 14 85 73 92 72 75 54 34 47 11 0 30 64 67 15 27 77 22 11 45 87 26 99 99 48 39 39 64 70 9 77 97 89 32 37 90 97 42 16 47 6 81 100 25 63 20 26 44 90 14 52 6 51 89 47 68 6 72 47 100 74 25 55 22 58 1 73 78 48 42 95 43 47 73 7 60 51 38 42 95 18 100 
72 3 50 10 45 10 45 43 71 10 12 25 18 65 92 87 61 22 30 0 82 66 23 37 2 45 2 32 19 41 64 3 79 84 24 19 54 100 26 46 13 11 46 48 4 28 59 29 64 72 33 50 58 19 31 47 21 92 88 68 19 65 30 56 72 99 39 69 67 53 83 98 49 100 51 40 28 50 75 34 72 66 24 71 31 12 49 21 100 94 
97 89 36 82 80 23 3 86 55 10 10 100 60 89 63 20 18 45 64 82 0 27 72 34 35 27 13 26 32 7 88 75 75 30 51 57 4 2 68 62 19 84 6 98 98 55 84 44 75 87 48 11 36 84 77 93 5 95 79 60 49 64 67 3 68 13 95 48 34 32 94 90 85 25 77 63 82 55 99 29 93 100 91 54 46 87 68 87 47 9 
99 52 94 56 78 50 20 44 45 37 60 83 25 30 23 82 44 96 67 66 27 0 70 99 74 40 15 32 39 86 51 7 66 33 90 96 33 64 72 59 77 2 76 76 31 45 46 78 87 45 65 54 30 24 73 17 45 81 49 18 38 42 57 31 39 13 69 91 48 97 67 1 63 89 63 7 92 71 68 95 17 85 51 67 36 21 39 48 55 23 
50 19 74 72 77 83 82 87 17 33 67 8 94 5 55 46 46 63 15 23 72 70 0 2 17 100 80 5 100 54 21 1 56 83 58 2 81 8 23 75 95 65 87 96 65 11 66 53 28 12 36 68 77 25 87 58 37 27 50 9 16 97 35 22 48 35 85 62 77 21 100 33 23 28 30 65 12 59 31 12 60 5 84 5 72 93 58 49 60 59 
88 63 85 71 23 63 53 55 15 61 1 3 31 61 74 67 77 60 27 37 34 99 2 0 74 19 97 28 91 48 39 98 39 31 15 63 86 10 14 25 46 31 96 78 39 11 24 77 45 39 23 95 29 7 32 42 72 99 89 98 65 56 5 29 54 89 69 65 33 36 6 63 34 76 28 28 9 87 60 76 13 70 90 85 34 65 94 16 84 48 
32 62 84 10 26 4 75 71 51 30 16 100 4 91 9 7 5 80 77 2 35 74 17 74 0 14 89 75 98 62 70 60 78 65 28 66 69 50 97 1 22 2 85 51 41 98 8 53 93 24 32 1 34 6 11 84 11 99 68 54 44 42 88 78 48 11 21 90 66 9 99 75 28 62 45 6 16 48 92 3 95 61 8 64 42 51 52 12 72 10 
98 72 67 52 29 88 54 94 2 6 50 7 25 16 80 42 13 1 22 45 27 40 100 19 14 0 34 62 28 16 88 21 88 8 68 85 13 54 89 83 68 68 66 47 24 97 33 10 59 55 48 22 22 76 90 91 69 46 66 18 90 15 21 68 87 34 13 35 82 94 5 42 62 94 46 75 87 95 56 10 56 26 10 80 7 95 28 36 75 21 
27 92 8 76 82 14 76 35 9 53 15 57 90 25 52 32 27 56 11 2 13 15 80 97 89 34 0 11 17 11 27 34 61 33 12 70 6 41 9 57 30 42 56 61 22 36 39 46 36 95 15 59 52 58 66 8 36 71 59 32 82 56 99 86 13 49 9 78 23 58 97 42 89 26 33 34 95 42 98 81 72 87 33 31 73 62 38 10 32 91 
64 36 78 64 80 28 23 93 81 46 26 80 97 40 15 28 84 8 45 32 26 32 5 28 75 62 11 0 12 64 61 85 59 32 6 90 33 47 96 62 57 39 46 28 34 11 38 68 84 80 3 69 5 47 32 78 22 92 41 100 97 60 16 90 65 34 7 13 64 84 42 74 90 93 52 5 47 33 2 86 6 51 58 96 64 1 34 25 85 29 
75 35 33 55 45 84 22 59 16 82 1 29 33 26 99 90 94 79 87 19 32 39 100 91 98 28 17 12 0 87 26 97 62 53 31 61 11 41 25 93 63 93 34 29 11 36 25 13 80 61 13 60 82 69 79 96 36 46 20 66 43 77 74 54 63 44 76 98 88 5 48 81 23 72 99 54 62 92 40 95 89 83 91 1 25 21 10 2 10 66 
85 100 50 82 68 4 64 60 84 88 90 45 44 82 66 72 18 86 26 41 7 86 54 48 62 16 11 64 87 0 31 20 79 69 13 40 9 34 97 9 93 10 39 68 92 58 13 41 6 79 28 67 97 30 25 37 25 33 13 59 100 4 45 19 22 57 86 70 45 63 49 44 64 40 90 92 87 7 21 69 24 1 97 87 32 74 8 24 5 85 
67 78 12 26 99 24 86 48 42 67 50 5 93 39 17 40 26 4 99 64 88 51 21 39 70 88 27 61 26 31 0 70 34 52 72 36 67 8 20 43 13 26 18 47 36 18 18 47 33 87 61 13 4 94 43 83 59 17 60 65 95 10 7 15 88 71 83 70 84 38 19 70 83 33 1 3 88 47 39 1 56 21 66 95 64 79 77 22 2 2 
24 62 11 53 61 88 43 5 75 92 78 97 65 41 93 95 38 86 99 3 75 7 1 98 60 21 34 85 97 20 70 0 79 71 79 29 48 34 36 100 42 87 80 54 58 21 19 64 76 24 8 16 22 61 77 4 50 32 56 14 43 17 29 59 45 53 88 92 83 56 82 90 29 78 23 29 98 83 32 18 94 18 24 92 94 33 78 72 45 67 
51 13 47 99 89 57 79 65 61 12 93 27 50 96 87 85 29 68 48 79 75 66 56 39 78 88 61 59 62 79 34 79 0 57 62 55 61 44 32 2 30 45 2 75 47 29 9 15 20 73 13 89 55 57 4 79 14 60 74 74 33 99 32 95 23 81 45 83 26 12 64 98 31 16 5 96 54 91 76 28 33 48 79 61 100 62 5 21 78 33 
51 94 51 34 80 46 99 7 91 84 96 98 68 23 66 4 16 8 39 84 30 33 83 31 65 8 33 32 53 69 52 71 57 0 35 63 17 36 69 21 91 36 41 57 1 52 34 5 80 100 96 58 59 26 10 74 4 18 24 19 86 89 32 45 12 12 96 63 86 89 88 43 53 88 47 77 73 87 30 91 93 1 66 47 59 50 75 45 83 63 
100 73 61 70 93 67 4 47 53 23 44 40 86 15 90 21 82 62 39 24 51 90 58 15 28 68 12 6 31 13 72 79 62 35 0 94 85 65 27 17 29 77 71 88 99 78 72 35 98 90 11 87 77 75 78 26 20 49 43 62 14 80 80 39 47 69 71 39 48 82 93 14 79 38 30 42 23 70 45 77 46 81 18 26 100 15 82 81 12 81 
56 20 73 38 10 67 30 45 15 93 26 43 50 72 89 75 76 22 64 19 57 96 2 63 66 85 70 90 61 40 36 29 55 63 94 0 21 75 75 78 37 90 49 76 74 53 53 12 44 64 30 2 62 68 81 58 33 43 1 98 65 42 39 51 11 27 100 93 37 18 100 32 70 37 55 21 74 1 11 92 5 4 88 68 89 26 99 83 3 6 
86 85 95 30 86 91 74 96 13 25 22 7 30 2 34 7 28 72 70 54 4 33 81 86 69 13 6 33 11 9 67 48 61 17 85 21 0 51 10 36 21 46 43 37 68 16 66 66 88 36 55 71 58 51 18 67 25 52 67 71 32 69 63 51 89 100 61 48 75 85 100 86 90 70 93 57 66 59 14 44 80 14 38 54 35 27 33 1 5 48 
41 80 28 34 35 3 19 65 100 77 54 94 24 8 73 51 23 88 9 100 2 64 8 10 50 54 41 47 41 34 8 34 44 36 65 75 51 0 83 14 72 59 26 67 11 11 39 66 54 7 64 88 5 82 19 80 85 92 99 94 79 63 60 100 55 88 61 84 46 44 82 63 78 34 93 60 55 35 40 93 46 75 10 95 99 65 40 41 36 24 
17 98 62 38 70 29 89 94 76 35 67 26 88 51 38 55 76 64 77 26 68 72 23 14 97 89 9 96 25 97 20 36 32 69 27 75 10 83 0 46 100 53 81 67 76 67 21 80 48 46 37 8 70 74 81 57 49 40 92 29 58 22 63 95 11 75 31 13 51 71 6 72 52 6 69 54 57 1 72 81 92 65 9 91 16 46 72 86 87 12 
26 15 30 81 24 9 11 17 61 98 13 19 43 64 84 25 21 34 97 46 62 59 75 25 1 83 57 62 93 9 43 100 2 21 17 78 36 14 46 0 84 55 52 17 70 43 60 42 59 91 89 78 97 67 71 96 70 93 12 99 74 68 12 54 25 35 11 68 48 4 95 86 28 7 18 76 16 40 10 63 62 82 56 48 19 11 95 97 60 3 
60 49 36 72 8 20 28 55 3 87 1 48 75 38 89 39 17 74 89 13 19 77 95 46 22 68 30 57 63 93 13 42 30 91 29 37 21 72 100 84 0 90 68 98 20 94 61 94 100 86 12 24 80 67 2 37 79 34 78 45 76 10 51 2 62 87 13 93 12 76 79 67 92 72 54 95 56 18 41 17 27 15 17 26 98 40 94 19 78 97 
58 30 32 59 75 41 78 71 79 63 25 67 42 95 21 44 64 37 32 11 84 2 65 31 2 68 42 39 93 10 26 87 45 36 77 90 46 59 53 55 90 0 3 36 83 58 59 99 42 24 98 49 1 3 40 74 96 97 66 43 65 17 18 7 68 66 28 56 27 3 49 37 57 45 34 18 44 97 65 69 77 92 63 97 44 22 39 52 58 90 
84 58 78 97 2 61 91 10 88 99 59 83 85 83 76 34 60 83 37 46 6 76 87 96 85 66 56 46 34 39 18 80 2 41 71 49 43 26 81 52 68 3 0 9 77 46 48 72 21 23 17 16 43 71 11 13 55 44 14 55 29 46 44 94 20 1 52 76 72 59 58 25 81 7 89 59 64 4 100 4 94 39 39 21 63 79 52 62 58 90 
92 21 89 97 10 49 16 7 49 64 76 35 9 96 48 26 31 9 90 48 98 76 96 78 51 47 61 28 29 68 47 54 75 57 88 76 37 67 67 17 98 36 9 0 57 13 42 93 30 71 20 86 88 9 1 59 91 53 4 77 97 63 33 68 29 81 81 34 61 13 46 25 69 98 58 21 54 46 10 96 74 16 65 3 89 29 61 50 35 99 
81 4 15 71 89 56 45 17 90 7 100 76 5 16 100 55 85 78 97 4 98 31 65 39 41 24 22 34 11 92 36 58 47 1 99 74 68 11 76 70 20 83 77 57 0 90 41 34 92 69 37 22 79 54 23 46 55 66 16 59 64 35 95 59 95 70 90 98 41 86 7 30 87 80 32 9 87 77 70 91 73 49 64 9 25 75 35 25 68 84 
87 87 38 39 30 68 28 37 31 35 53 15 98 78 4 73 10 54 42 28 55 45 11 11 98 97 36 11 36 58 18 21 29 52 78 53 16 11 67 43 94 58 46 13 90 0 37 42 77 89 89 49 24 74 88 98 74 59 47 72 57 19 62 30 51 44 49 88 30 11 59 93 33 59 12 25 81 6 49 40 19 78 90 15 35 65 16 50 95 79 
100 80 28 5 72 21 29 96 33 33 12 25 80 44 76 18 60 32 16 59 84 46 66 24 8 33 39 38 25 13 18 19 9 34 72 53 66 39 21 60 61 59 48 42 41 37 0 44 42 39 58 86 21 40 78 92 54 22 98 14 86 35 37 66 91 64 77 98 92 20 76 28 64 80 99 57 13 67 100 55 57 16 3 79 34 88 54 97 52 85 
48 30 43 56 32 31 53 87 39 22 87 99 57 54 18 19 18 56 47 29 44 78 53 77 53 10 46 68 13 41 47 64 15 5 35 12 66 66 80 42 94 99 72 93 34 42 44 0 3 11 80 74 51 59 51 32 36 18 39 42 70 57 21 71 67 84 78 20 76 94 37 98 25 100 55 6 66 35 63 5 85 17 80 48 55 98 1 17 9 91 
99 37 69 36 100 26 65 4 19 9 80 48 73 55 67 94 52 24 6 64 75 87 28 45 93 59 36 84 80 6 33 76 20 80 98 44 88 54 48 59 100 42 21 30 92 77 42 3 0 39 58 5 83 48 11 64 100 12 63 68 98 89 26 66 67 43 4 88 30 33 48 14 39 66 56 49 65 35 18 10 94 86 48 42 53 71 79 62 10 47 
32 96 98 57 46 18 60 83 12 53 4 75 52 90 79 67 61 70 81 72 87 45 12 39 24 55 95 80 61 79 87 24 73 100 90 64 36 7 46 91 86 24 23 71 69 89 39 11 39 0 15 45 93 32 48 9 49 5 60 52 2 56 4 66 91 63 10 35 28 59 65 96 66 60 94 53 64 74 68 17 77 91 65 83 5 57 34 1 35 18 
66 66 14 28 11 18 94 65 30 4 58 79 44 44 31 56 98 72 100 33 48 65 36 23 32 48 15 3 13 28 61 8 13 96 11 30 55 64 37 89 12 98 17 20 37 89 58 80 58 15 0 25 74 38 40 34 82 57 63 92 63 61 76 69 78 39 87 88 56 27 4 18 46 18 53 56 34 5 12 22 71 73 87 35 12 30 73 31 72 33 
93 64 27 46 75 86 30 69 80 80 32 86 31 45 83 91 76 52 25 50 11 54 68 95 1 22 59 69 60 67 13 16 89 58 87 2 71 88 8 78 24 49 16 86 22 49 86 74 5 45 25 0 80 74 62 53 4 91 96 36 88 42 63 26 33 80 14 17 51 65 18 64 8 63 98 94 24 14 19 40 91 43 66 90 97 5 40 9 47 7 
9 12 72 79 62 74 63 60 19 91 25 7 33 39 26 10 34 52 63 58 36 30 77 29 34 22 52 5 82 97 4 22 55 59 77 62 58 5 70 97 80 1 43 88 79 24 21 51 83 93 74 80 0 98 4 87 26 25 95 45 65 84 29 5 23 91 32 71 34 68 79 24 2 90 5 39 65 28 47 67 100 43 22 25 3 45 49 44 86 10 
60 78 64 37 8 41 54 89 73 81 84 81 62 27 60 92 44 29 20 19 84 24 25 7 6 76 58 47 69 30 94 61 57 26 75 68 51 82 74 67 67 3 71 9 54 74 40 59 48 32 38 74 98 0 32 96 7 24 19 76 2 25 47 46 3 72 93 24 5 30 9 52 24 86 49 24 88 52 10 45 74 19 66 32 93 69 40 37 91 35 
88 61 49 39 29 79 23 53 48 77 92 97 16 50 27 19 100 30 26 31 77 73 87 32 11 90 66 32 79 25 43 77 4 10 78 81 18 19 81 71 2 40 11 1 23 88 78 51 11 48 40 62 4 32 0 57 2 87 69 34 28 98 33 48 13 23 19 46 21 93 85 34 78 48 31 81 74 11 43 89 82 15 75 72 52 26 27 40 80 6 
54 96 14 56 57 40 6 1 81 36 48 8 32 91 4 91 67 66 44 47 93 17 58 42 84 91 8 78 96 37 83 4 79 74 26 58 67 80 57 96 37 74 13 59 46 98 92 32 64 9 34 53 87 96 57 0 22 76 72 41 29 77 44 49 74 39 62 70 49 51 58 97 89 62 86 85 1 64 62 45 21 67 81 82 74 61 28 11 44 86 
28 20 27 16 10 86 14 61 5 92 9 34 39 31 46 20 52 24 90 21 5 45 37 72 11 69 36 22 36 25 59 50 14 4 20 33 25 85 49 70 79 96 55 91 55 74 54 36 100 49 82 4 26 7 2 22 0 25 5 41 98 7 51 33 14 12 89 11 52 91 26 16 25 39 22 75 70 78 27 53 72 16 59 97 70 77 28 52 56 15 
20 79 11 100 83 39 3 28 32 96 74 86 96 18 21 2 86 91 14 92 95 81 27 99 99 46 71 92 46 33 17 32 60 18 49 43 52 92 40 93 34 97 44 53 66 59 22 18 12 5 57 91 25 24 87 76 25 0 13 62 74 49 98 39 3 2 92 72 15 25 94 84 21 38 97 73 21 69 76 95 50 40 99 67 11 90 97 49 34 67 
27 100 84 96 36 33 78 22 70 7 94 9 1 29 48 32 26 7 52 88 79 49 50 89 68 66 59 41 20 13 60 56 74 24 43 1 67 99 92 12 78 66 14 4 16 47 98 39 63 60 63 96 95 19 69 72 5 13 0 94 90 25 13 15 3 5 25 69 74 71 10 70 43 60 97 81 67 66 51 60 58 92 32 87 42 51 27 36 13 14 
88 7 88 21 67 55 95 28 68 27 63 60 58 44 79 49 2 82 6 68 60 18 9 98 54 18 32 100 66 59 65 14 74 19 62 98 71 94 29 99 45 43 55 77 59 72 14 42 68 52 92 36 45 76 34 41 41 62 94 0 19 20 70 25 16 32 37 31 95 89 24 21 90 47 77 79 7 94 78 83 74 74 35 29 6 51 100 73 83 74 
81 69 30 94 33 70 16 22 66 7 10 31 50 97 41 3 21 99 51 19 49 38 16 65 44 90 82 97 43 100 95 43 33 86 14 65 32 79 58 74 76 65 29 97 64 57 86 70 98 2 63 88 65 2 28 29 98 74 90 19 0 83 18 47 3 96 86 57 78 57 19 30 97 2 100 31 6 9 38 68 92 6 66 28 82 67 49 91 53 48 
2 22 35 26 16 32 5 44 68 5 66 48 37 5 78 49 36 75 89 65 64 42 97 56 42 15 56 60 77 4 10 17 99 89 80 42 69 63 22 68 10 17 46 63 35 19 35 57 89 56 61 42 84 25 98 77 7 49 25 20 83 0 94 75 88 53 15 23 17 41 26 18 1 97 42 87 69 66 33 6 84 22 91 98 37 5 41 77 8 16 
24 32 66 60 87 56 35 3 78 68 96 92 87 25 45 82 72 88 47 30 67 57 35 5 88 21 99 16 74 45 7 29 32 32 80 39 63 60 63 12 51 18 44 33 95 62 37 21 26 4 76 63 29 47 33 44 51 98 13 70 18 94 0 34 55 18 9 67 20 64 41 6 95 85 24 74 97 74 40 8 87 67 2 97 54 27 58 53 49 90 
43 36 86 4 13 1 42 52 61 42 5 45 41 26 59 75 75 33 68 56 3 31 22 29 78 68 86 90 54 19 15 59 95 45 39 51 51 100 95 54 2 7 94 68 59 30 66 71 66 66 69 26 5 46 48 49 33 39 15 25 47 75 34 0 51 21 63 91 11 59 77 13 68 52 85 53 15 15 13 82 50 78 1 98 32 24 69 84 69 18 
41 29 93 11 3 17 26 14 76 7 91 40 11 93 29 9 57 80 6 72 68 39 48 54 48 87 13 65 63 22 88 45 23 12 47 11 89 55 11 25 62 68 20 29 95 51 91 67 67 91 78 33 23 3 13 74 14 3 3 16 3 88 55 51 0 2 69 99 17 79 25 33 32 63 66 39 9 33 40 10 46 26 53 1 91 44 36 55 93 79 
74 36 46 5 34 84 70 96 52 28 82 8 87 89 90 66 59 61 72 99 13 13 35 89 11 34 49 34 44 57 71 53 81 12 69 27 100 88 75 35 87 66 1 81 70 44 64 84 43 63 39 80 91 72 23 39 12 2 5 32 96 53 18 21 2 0 93 11 75 92 45 48 98 57 69 46 1 95 99 32 63 85 73 76 40 63 100 41 69 72 
98 93 17 92 32 28 39 5 87 35 4 67 33 32 28 54 38 43 47 39 95 69 85 69 21 13 9 7 76 86 83 88 45 96 71 100 61 61 31 11 13 28 52 81 90 49 77 78 4 10 87 14 32 93 19 62 89 92 25 37 86 15 9 63 69 93 0 58 50 22 20 25 80 39 33 89 52 20 44 25 22 27 6 48 11 79 18 19 10 83 
87 10 39 5 74 39 38 74 23 64 27 27 37 77 8 47 22 20 100 69 48 91 62 65 90 35 78 13 98 70 70 92 83 63 39 93 48 84 13 68 93 56 76 34 98 88 98 20 88 35 88 17 71 24 46 70 11 72 69 31 57 23 67 91 99 11 58 0 79 41 6 28 24 14 34 38 38 15 98 34 30 10 64 22 16 23 12 20 79 30 
9 40 52 70 51 49 100 92 74 100 45 46 88 64 91 14 62 43 74 67 34 48 77 33 66 82 23 64 88 45 84 83 26 86 48 37 75 46 51 48 12 27 72 61 41 30 92 76 30 28 56 51 34 5 21 49 52 15 74 95 78 17 20 11 17 75 50 79 0 33 52 75 6 86 65 47 16 34 50 27 55 61 26 22 35 62 79 65 53 25 
79 56 92 48 9 97 26 33 68 65 97 13 69 16 28 24 99 53 25 53 32 97 21 36 9 94 58 84 5 63 38 56 12 89 82 18 85 44 71 4 76 3 59 13 86 11 20 94 33 59 27 65 68 30 93 51 91 25 71 89 57 41 64 59 79 92 22 41 33 0 58 54 81 24 71 63 72 4 47 30 39 98 67 88 51 45 47 99 47 43 
26 77 40 23 34 43 17 32 50 70 14 97 74 9 99 14 9 11 55 83 94 67 100 6 99 5 97 42 48 49 19 82 64 88 93 100 100 82 6 95 79 49 58 46 7 59 76 37 48 65 4 18 79 9 85 58 26 94 10 24 19 26 41 77 25 45 20 6 52 58 0 79 61 61 23 33 78 8 65 58 63 49 12 88 64 85 5 42 73 88 
71 99 30 27 21 11 50 82 17 60 66 74 16 26 57 8 71 60 22 98 90 1 33 63 75 42 42 74 81 44 70 90 98 43 14 32 86 63 72 86 67 37 25 25 30 93 28 98 14 96 18 64 24 52 34 97 16 84 70 21 30 18 6 13 33 48 25 28 75 54 79 0 77 25 79 67 89 13 21 87 6 86 3 77 81 80 39 13 60 89 
89 25 78 8 12 87 48 58 94 40 6 7 88 42 16 54 91 98 58 49 85 63 23 34 28 62 89 90 23 64 83 29 31 53 79 70 90 78 52 28 92 57 81 69 87 33 64 25 39 66 46 8 2 24 78 89 25 21 43 90 97 1 95 68 32 98 80 24 6 81 61 77 0 79 39 23 55 53 60 85 44 74 95 15 14 56 95 85 22 56 
93 68 66 5 37 11 52 66 57 33 24 39 54 78 42 4 54 39 1 100 25 89 28 76 62 94 26 93 72 40 33 78 16 88 38 37 70 34 6 7 72 45 7 98 80 59 80 100 66 60 18 63 90 86 48 62 39 38 60 47 2 97 85 52 63 57 39 14 86 24 61 25 79 0 98 40 53 43 56 46 43 46 71 87 4 90 51 55 20 29 
74 88 3 30 5 65 69 43 55 100 54 49 65 11 20 47 45 27 73 51 77 63 30 28 45 46 33 52 99 90 1 23 5 47 30 55 93 93 69 18 54 34 89 58 32 12 99 55 56 94 53 98 5 49 31 86 22 97 97 77 100 42 24 85 66 69 33 34 65 71 23 79 39 98 0 12 21 65 59 35 96 56 99 71 48 69 44 33 88 5 
14 100 15 2 71 33 33 86 2 20 100 85 15 34 4 87 47 73 78 40 63 7 65 28 6 75 34 5 54 92 3 29 96 77 42 21 57 60 54 76 95 18 59 21 9 25 57 6 49 53 56 94 39 24 81 85 75 73 81 79 31 87 74 53 39 46 89 38 47 63 33 67 23 40 12 0 15 9 72 55 32 15 72 69 29 68 78 62 57 47 
29 81 23 52 90 45 32 52 53 87 97 54 11 33 51 64 87 69 48 28 82 92 12 9 16 87 95 47 62 87 88 98 54 73 23 74 66 55 57 16 56 44 64 54 87 81 13 66 65 64 34 24 65 88 74 1 70 21 67 7 6 69 97 15 9 1 52 38 16 72 78 89 55 53 21 15 0 86 19 38 2 5 19 18 44 12 25 82 30 39 
14 9 37 73 7 79 2 37 17 52 4 76 39 61 56 45 53 71 42 50 55 71 59 87 48 95 42 33 92 7 47 83 91 87 70 1 59 35 1 40 18 97 4 46 77 6 67 35 35 74 5 14 28 52 11 64 78 69 66 94 9 66 74 15 33 95 20 15 34 4 8 13 53 43 65 9 86 0 17 64 32 1 17 17 75 69 23 96 8 49 
91 40 86 94 57 52 20 8 98 7 30 88 48 17 70 7 48 17 95 75 99 68 31 60 92 56 98 2 40 21 39 32 76 30 45 11 14 40 72 10 41 65 100 10 70 49 100 63 18 68 12 19 47 10 43 62 27 76 51 78 38 33 40 13 40 99 44 98 50 47 65 21 60 56 59 72 19 17 0 62 34 93 10 41 20 42 97 82 87 95 
87 17 79 77 18 46 94 21 10 24 81 99 89 47 60 20 47 60 43 34 29 95 12 76 3 10 81 86 95 69 1 18 28 91 77 92 44 93 81 63 17 69 4 96 91 40 55 5 10 17 22 40 67 45 89 45 53 95 60 83 68 6 8 82 10 32 25 34 27 30 58 87 85 46 35 55 38 64 62 0 98 13 21 82 96 9 73 75 100 12 
59 63 64 9 36 23 20 51 99 46 14 62 77 75 81 87 75 49 47 72 93 17 60 13 95 56 72 6 89 24 56 94 33 93 46 5 80 46 92 62 27 77 94 74 73 19 57 85 94 77 71 91 100 74 82 21 72 50 58 74 92 84 87 50 46 63 22 30 55 39 63 6 44 43 96 32 2 32 34 98 0 54 33 96 38 72 96 3 52 72 
28 63 61 42 44 64 58 60 92 67 69 82 24 54 87 69 56 58 73 66 100 85 5 70 61 26 87 51 83 1 21 18 48 1 81 4 14 75 65 82 15 92 39 16 49 78 16 17 86 91 73 43 43 19 15 67 16 40 92 74 6 22 67 78 26 85 27 10 61 98 49 86 74 46 56 15 5 1 93 13 54 0 12 86 63 67 72 23 30 73 
10 65 1 99 85 8 70 80 52 72 20 13 40 49 19 52 45 29 7 24 91 51 84 90 8 10 33 58 91 97 66 24 79 66 18 88 38 10 9 56 17 63 39 65 64 90 3 80 48 65 87 66 22 66 75 81 59 99 32 35 66 91 2 1 53 73 6 64 26 67 12 3 95 71 99 72 19 17 10 21 33 12 0 39 94 28 47 72 47 87 
40 12 40 15 94 47 94 50 19 25 90 69 54 80 51 86 34 66 60 71 54 67 5 85 64 80 31 96 1 87 95 92 61 47 26 68 54 95 91 48 26 97 21 3 9 15 79 48 42 83 35 90 25 32 72 82 97 67 87 29 28 98 97 98 1 76 48 22 22 88 88 77 15 87 71 69 18 17 41 82 96 86 39 0 99 32 4 33 30 15 
75 81 34 54 92 85 42 79 35 82 6 81 20 62 38 97 2 93 51 31 46 36 72 34 42 7 73 64 25 32 64 94 100 59 100 89 35 99 16 19 98 44 63 89 25 35 34 55 53 5 12 97 3 93 52 74 70 11 42 6 82 37 54 32 91 40 11 16 35 51 64 81 14 4 48 29 44 75 20 96 38 63 94 99 0 54 13 55 87 15 
94 98 45 95 81 93 98 47 75 75 97 59 56 65 80 44 32 23 38 12 87 21 93 65 51 95 62 1 21 74 79 33 62 50 15 26 27 65 46 11 40 22 79 29 75 65 88 98 71 57 30 5 45 69 26 61 77 90 51 51 67 5 27 24 44 63 79 23 62 45 85 80 56 90 69 68 12 69 42 9 72 67 28 32 54 0 90 32 55 51 
57 18 83 61 83 81 69 88 26 11 68 22 91 54 20 76 66 94 42 49 68 39 58 94 52 28 38 34 10 8 77 78 5 75 82 99 33 40 72 95 94 39 52 61 35 16 54 1 79 34 73 40 49 40 27 28 28 97 27 100 49 41 58 69 36 100 18 12 79 47 5 39 95 51 44 78 25 23 97 73 96 72 47 4 13 90 0 31 93 21 
17 57 29 28 48 24 3 67 34 29 67 70 84 74 35 33 19 64 95 21 87 48 49 16 12 36 10 25 2 24 22 72 21 45 81 83 1 41 86 97 19 52 62 50 25 50 97 17 62 1 31 9 44 37 40 11 52 49 36 73 91 77 53 84 55 41 19 20 65 99 42 13 85 55 33 62 82 96 82 75 3 23 72 33 55 32 31 0 57 6 
23 83 55 82 28 6 56 77 28 19 1 51 77 61 79 37 48 69 18 100 47 55 60 84 72 75 32 85 10 5 2 45 78 83 12 3 5 36 87 60 78 58 58 35 68 95 52 9 10 35 72 47 86 91 80 44 56 34 13 83 53 8 49 69 93 69 10 79 53 47 73 60 22 20 88 57 30 8 87 100 52 30 47 30 87 55 93 57 0 76 
88 40 64 36 78 90 50 9 13 59 39 51 51 85 23 63 43 53 100 94 9 23 59 48 10 21 91 29 66 85 2 67 33 63 81 6 48 24 12 3 97 90 90 99 84 79 85 91 47 18 33 7 10 35 6 86 15 67 14 74 48 16 90 18 79 72 83 30 25 43 88 89 56 29 5 47 39 49 95 12 72 73 87 15 15 51 21 6 76 0 
0 0 0 0 0 47 0 9 0 0 0 0 0 0 0 0 0 0 0 0 34 27 58 80 0 0 0 0 0 5 82 0 0 0 0 0 0 0 0 0 48 0 0 0 0 0 0 0 32 0 47 0 94 0 0 0 51 0 52 0 0 32 0 0 0 0 0 0 11 0 0 0 83 0 0 0 0 0 0 0 0 0 0 0 0 42 0 0 0 35 
0 0 0 95 91 3 21 62 64 0 30 93 0 98 0 0 0 37 99 93 28 11 70 3 97 0 0 0 72 4 88 62 20 0 77 89 0 18 0 56 5 51 0 40 94 0 59 0 42 33 60 38 60 77 41 0 96 61 98 52 0 92 0 0 99 37 0 92 84 51 0 67 84 54 89 52 0 0 51 1 93 40 0 66 0 29 46 14 0 53 
0 0 0 56 42 8 53 16 53 86 25 21 53 93 73 84 70 1 89 17 69 29 9 16 98 92 15 29 68 86 83 94 53 94 98 16 100 90 56 31 29 22 80 46 51 23 79 89 86 92 16 94 67 63 13 26 81 50 6 73 13 15 94 13 59 7 84 24 69 58 99 66 57 52 99 18 18 91 32 73 70 26 47 78 65 97 47 95 66 60 
0 0 0 0 0 93 27 9 91 0 0 47 0 0 0 0 0 34 44 85 73 98 81 93 85 0 0 0 48 27 66 7 62 0 0 23 0 0 0 32 96 13 0 0 0 0 0 0 70 37 12 29 34 76 43 40 74 0 97 79 0 89 0 0 71 0 0 0 9 24 0 46 64 0 84 0 0 0 0 0 85 0 0 80 0 23 0 54 0 38 
0 0 0 0 0 41 26 87 80 0 0 39 0 61 0 0 0 35 81 75 25 71 92 50 33 0 0 0 40 77 36 45 63 0 52 39 0 0 0 47 96 87 0 0 76 0 4 0 97 100 24 63 4 0 57 23 84 17 17 57 0 43 0 0 39 0 0 0 55 25 0 44 93 67 71 0 0 0 42 92 14 0 0 71 0 5 0 90 0 32 
0 0 0 0 0 0 0 0 0 0 0 0 0 0 0 0 0 0 0 0 7 50 76 16 0 0 0 0 0 0 45 0 0 0 0 0 0 0 0 0 60 0 0 0 0 0 0 0 31 0 56 0 26 0 0 0 82 0 85 0 0 0 0 0 0 0 0 0 68 0 0 0 63 0 0 0 0 0 0 0 0 0 0 0 0 75 0 0 0 6 
0 0 0 0 0 0 0 31 0 0 0 0 0 0 0 0 0 0 0 0 77 11 15 48 0 0 0 0 0 8 70 0 0 0 0 0 0 0 0 0 66 0 0 0 0 0 0 0 32 0 11 0 72 0 0 19 62 0 75 0 0 83 0 0 0 0 0 0 53 0 0 0 40 0 0 0 0 0 0 0 0 0 0 0 0 3 0 0 0 8 
0 0 0 0 0 0 0 0 0 0 0 0 0 0 0 0 0 0 0 0 15 21 20 96 0 0 0 0 0 63 57 0 0 0 0 0 0 0 0 0 32 0 0 0 0 0 0 0 61 0 8 0 20 0 0 0 18 0 89 0 0 0 0 0 0 0 0 0 68 0 0 0 64 0 0 0 0 0 0 0 0 0 0 0 0 90 0 0 0 62 
0 0 0 0 0 0 0 0 0 0 0 0 0 0 0 0 0 27 0 13 68 56 78 37 71 0 0 0 0 85 66 26 11 0 0 0 0 0 0 30 0 68 0 0 0 0 0 0 29 27 74 0 6 29 56 4 85 0 66 0 0 6 0 0 29 0 0 0 36 0 0 92 41 0 21 0 0 0 0 0 37 0 0 58 0 47 0 69 0 26 
0 0 0 0 0 0 0 0 0 0 0 76 0 13 0 0 0 61 46 50 27 90 88 19 55 0 0 0 6 53 16 67 19 0 22 54 0 14 0 11 0 51 0 25 23 0 79 0 90 100 33 19 2 91 69 60 10 40 51 75 0 47 0 0 99 43 0 0 68 82 0 62 13 63 52 0 0 0 32 9 26 0 0 73 0 9 0 30 0 21 
0 0 0 0 0 0 0 0 0 0 0 74 0 26 0 0 0 95 82 4 33 4 76 95 45 0 0 0 83 83 30 10 85 0 32 86 0 77 0 30 44 92 0 79 73 0 81 0 64 47 97 38 35 50 15 39 28 57 19 99 0 56 0 0 26 51 0 95 95 61 0 74 75 69 3 100 0 0 51 66 39 42 0 100 0 41 94 74 0 22 
0 0 0 0 0 0 0 0 0 0 0 0 0 0 0 0 0 12 0 49 30 78 75 39 35 0 0 0 0 78 90 82 79 0 0 0 0 0 0 45 70 8 0 0 0 0 0 0 38 56 14 0 36 89 2 95 35 0 49 0 0 34 0 0 12 0 0 0 10 0 0 16 69 0 9 0 0 0 0 0 86 0 0 24 0 87 0 45 0 0 
0 0 0 0 0 0 0 0 0 0 0 0 0 62 0 0 0 26 47 54 21 1 47 82 8 0 0 0 15 38 53 72 100 0 26 42 0 22 0 40 3 23 0 62 89 0 93 0 71 17 71 51 4 79 87 25 19 61 2 74 0 60 54 12 94 31 0 44 70 74 0 62 94 2 57 98 0 1 50 74 19 0 0 64 0 43 80 67 0 63 
0 0 0 0 0 0 0 0 0 0 0 0 0 0 0 0 0 35 33 94 25 56 51 9 25 0 0 0 67 85 63 45 27 0 26 55 0 0 0 35 77 4 0 0 0 0 79 0 67 93 88 9 95 76 43 30 7 0 95 86 0 84 0 0 40 0 0 0 23 80 0 91 55 0 99 0 0 0 75 71 40 0 0 83 0 6 0 75 0 10 
0 0 0 0 0 0 0 0 0 0 0 0 0 0 0 74 36 45 95 31 24 19 9 91 99 21 5 0 49 22 17 99 89 0 35 1 0 72 1 73 79 83 0 77 31 99 67 0 62 24 17 42 60 24 4 94 89 55 48 31 0 74 52 99 25 85 0 36 45 5 0 52 92 25 54 89 0 56 14 19 39 26 0 48 0 15 57 34 0 7 
0 0 0 0 0 0 0 0 0 0 0 0 0 0 0 0 16 33 58 6 89 31 97 21 61 0 42 0 77 40 88 57 53 0 85 78 0 15 0 69 33 97 0 16 67 21 79 0 90 71 98 71 19 96 26 87 93 52 80 98 0 98 28 65 19 5 0 40 97 16 0 82 96 66 83 99 0 76 44 96 50 15 0 22 0 18 79 12 0 53 
0 0 0 0 0 0 0 0 0 0 0 0 0 0 0 0 0 12 19 1 87 55 52 57 60 0 0 0 44 24 69 5 86 0 57 2 0 19 0 55 8 2 0 98 11 0 59 0 15 3 6 81 57 26 56 15 79 20 88 57 0 96 49 26 4 4 0 68 7 5 0 47 49 74 81 71 0 57 37 49 95 26 0 29 0 64 20 48 0 29 
0 0 0 0 0 0 0 0 0 0 0 0 0 0 0 0 0 0 0 0 3 58 44 63 41 0 0 0 0 17 61 55 0 0 0 0 0 0 0 0 88 46 0 0 0 0 0 0 11 0 7 0 57 0 86 12 83 0 82 0 0 98 0 0 8 0 0 0 40 0 0 72 88 0 26 0 0 0 0 0 0 0 0 0 0 10 0 35 0 19 
0 0 0 0 0 0 0 0 0 0 0 0 0 0 0 0 0 0 0 1 27 60 37 63 76 0 0 0 0 80 71 72 44 0 0 0 0 0 0 86 27 84 0 0 0 0 0 0 33 95 48 0 68 72 71 86 32 0 37 0 0 50 0 0 84 0 0 0 78 0 0 0 34 0 5 0 0 0 0 0 25 0 0 78 0 54 0 52 0 39 
0 0 0 0 0 0 0 0 0 0 0 0 0 0 0 0 0 0 0 0 34 77 33 60 26 0 0 0 0 72 41 0 93 0 0 0 0 0 0 5 78 77 0 0 0 0 0 0 4 67 97 0 71 10 58 22 77 0 72 0 0 85 0 0 79 0 0 0 11 0 0 37 8 0 4 0 0 0 0 0 25 0 0 33 0 24 0 12 0 53 
0 0 0 0 0 0 0 0 0 0 0 0 0 0 0 0 0 0 0 0 0 0 0 0 0 0 0 0 0 0 74 0 0 0 0 0 0 0 0 0 95 0 0 0 0 0 0 0 0 0 0 0 0 0 0 0 0 0 0 0 0 0 0 0 0 0 0 0 0 0 0 0 0 0 0 0 0 0 0 0 0 0 0 0 0 0 0 0 0 47 
0 0 0 0 0 0 0 0 0 0 0 0 0 0 0 0 0 0 0 0 0 0 0 3 0 0 0 0 0 0 69 0 0 0 0 0 0 0 0 0 64 0 0 0 0 0 0 0 0 0 57 0 0 0 0 0 50 0 7 0 0 0 0 0 0 0 0 0 0 0 0 0 85 0 0 0 0 0 0 0 0 0 0 0 0 0 0 0 0 26 
0 0 0 0 0 0 0 0 0 0 0 0 0 0 0 0 0 0 0 0 0 0 0 99 0 0 0 0 0 0 24 0 0 0 0 0 0 0 0 0 76 0 0 0 0 0 0 0 43 0 8 0 0 0 0 0 32 0 20 0 0 0 0 0 0 0 0 0 22 0 0 0 70 0 0 0 0 0 0 0 0 0 0 0 0 2 0 0 0 10 
0 0 0 0 0 0 0 0 0 0 0 0 0 0 0 0 0 0 0 0 0 0 0 0 0 0 0 0 0 0 82 0 0 0 0 0 0 0 0 0 78 0 0 0 0 0 0 0 0 0 23 0 0 0 0 0 90 0 0 0 0 0 0 0 0 0 0 0 0 0 0 0 0 0 0 0 0 0 0 0 0 0 0 0 0 0 0 0 0 14 
0 0 0 0 0 0 0 0 0 0 0 0 0 0 0 0 0 0 0 0 0 0 0 0 0 0 0 0 0 45 85 0 0 0 0 0 0 0 0 0 97 0 0 0 0 0 0 0 24 0 77 0 10 0 0 61 43 0 57 0 0 88 0 0 0 0 0 0 33 0 0 0 66 0 0 0 0 0 0 0 0 0 0 0 0 79 0 0 0 57 
0 0 0 0 0 0 0 0 0 0 0 0 0 0 0 0 0 0 0 0 0 0 0 0 0 0 52 0 100 55 15 14 32 0 20 45 0 88 70 6 0 32 0 7 20 16 50 0 100 39 77 89 24 18 28 45 80 64 66 44 0 14 70 22 77 88 0 49 68 2 0 51 34 62 17 57 0 96 48 36 67 25 0 44 0 62 57 49 0 57 
0 0 0 0 0 0 0 0 0 0 0 0 0 0 0 0 0 0 0 0 0 0 0 0 0 0 0 0 44 18 76 23 7 0 26 1 0 40 0 47 62 1 0 23 31 0 18 0 15 98 85 31 34 52 79 34 9 34 70 26 0 98 61 67 100 19 0 7 72 29 0 29 91 27 38 61 0 83 49 45 99 35 0 71 0 5 28 27 0 41 
0 0 0 0 0 0 0 0 0 0 0 0 0 0 0 0 0 0 0 0 0 0 0 0 0 0 0 0 47 51 41 17 40 0 95 31 0 66 1 69 48 95 0 42 84 81 71 57 86 50 13 69 60 21 74 23 80 38 73 8 94 24 24 28 33 90 0 50 20 38 79 15 88 28 57 15 0 40 4 100 84 97 14 57 0 42 64 88 0 80 
0 0 0 0 0 0 0 0 0 0 0 0 0 0 0 0 0 0 0 0 0 0 0 0 0 0 0 0 0 70 23 5 21 0 0 95 0 0 0 20 73 72 0 0 0 0 0 0 95 29 3 0 19 19 47 49 23 0 76 0 0 6 0 0 77 0 0 0 100 11 0 28 22 0 85 0 0 0 0 0 82 0 0 77 0 89 0 32 0 97 
0 0 0 0 0 0 0 0 0 0 0 0 0 0 0 0 0 0 0 0 0 0 0 0 0 0 0 0 0 0 50 0 0 0 0 0 0 0 0 0 37 0 0 0 0 0 0 0 44 0 19 0 28 0 0 0 83 0 22 0 0 0 0 0 0 0 0 0 99 0 0 0 74 0 0 0 0 0 0 0 0 0 0 0 0 27 0 0 0 52 
0 0 0 0 0 0 0 0 0 0 0 0 0 0 0 0 0 0 0 0 0 0 0 0 0 0 0 0 0 0 0 0 0 0 0 0 0 0 0 0 69 0 0 0 0 0 0 0 0 0 0 0 0 0 0 0 0 0 0 0 0 0 0 0 0 0 0 0 0 0 0 0 0 0 0 0 0 0 0 0 0 0 0 0 0 0 0 0 0 96 
0 0 0 0 0 0 0 0 0 0 0 0 0 0 0 0 0 0 0 0 0 0 0 0 0 0 0 0 0 0 0 0 0 0 0 0 0 0 0 0 85 0 0 0 0 0 0 0 76 0 40 0 11 0 0 78 9 0 88 0 0 89 0 0 17 0 0 0 23 0 0 0 34 0 0 0 0 0 0 0 0 0 0 0 0 12 0 83 0 44 
0 0 0 0 0 0 0 0 0 0 0 0 0 0 0 0 0 0 0 0 0 0 0 0 0 0 0 0 0 0 0 0 0 0 0 0 0 0 0 0 22 18 0 0 0 0 0 0 19 0 64 0 8 0 65 99 3 0 74 0 0 87 0 0 99 0 0 0 32 0 0 87 29 0 66 0 0 0 0 0 0 0 0 0 0 31 0 39 0 4 
0 0 0 0 0 0 0 0 0 0 0 0 0 0 0 0 0 0 0 0 0 0 0 0 0 0 0 0 0 0 0 0 0 0 45 5 0 81 44 76 17 9 0 85 47 69 27 54 91 27 23 98 60 46 39 26 27 30 96 27 56 52 73 61 55 25 28 42 37 63 38 82 81 32 67 28 0 29 69 50 53 33 39 51 40 35 28 46 33 34 
0 0 0 0 0 0 0 0 0 0 0 0 0 0 0 0 0 0 0 0 0 0 0 0 0 0 0 0 0 0 0 0 0 0 0 92 0 0 0 73 9 34 0 0 0 0 25 0 75 20 97 11 65 54 5 7 69 0 59 46 0 87 0 0 83 0 0 0 33 52 0 57 55 0 27 0 0 0 3 41 64 0 0 57 0 50 0 3 0 59 
0 0 0 0 0 0 0 0 0 0 0 0 0 0 0 0 0 0 0 0 0 0 0 0 0 0 0 0 0 0 0 0 0 0 0 0 0 0 0 75 27 53 0 0 0 0 0 0 95 9 6 0 6 88 78 90 5 0 5 0 0 25 0 0 51 0 0 0 22 64 0 93 50 0 99 0 0 0 0 0 82 0 0 3 0 55 0 10 0 60 
0 0 0 0 0 0 0 0 0 0 0 0 0 0 0 0 0 0 0 0 0 0 0 0 0 0 0 0 0 0 0 0 0 0 0 0 0 84 63 77 1 32 27 2 60 75 94 27 44 34 65 3 62 22 100 54 93 95 3 98 55 50 49 54 82 14 98 63 76 41 60 54 85 54 34 36 3 33 44 19 15 100 69 56 47 7 74 65 20 37 
0 0 0 0 0 0 0 0 0 0 0 0 0 0 0 0 0 0 0 0 0 0 0 0 0 0 0 0 0 0 0 0 0 0 0 0 0 0 0 39 88 6 0 0 92 0 87 0 52 46 30 98 47 96 98 22 100 18 8 80 0 49 0 0 50 0 0 0 36 38 0 11 0 0 6 0 0 0 91 75 100 0 0 71 0 7 0 29 0 16 
0 0 0 0 0 0 0 0 0 0 0 0 0 0 0 0 0 0 0 0 0 0 0 0 0 0 0 0 0 0 0 0 0 0 0 0 0 0 0 61 32 58 0 76 47 19 22 0 28 13 66 97 97 86 7 95 17 65 66 92 0 96 6 39 69 41 0 58 97 48 0 63 18 65 69 53 0 35 4 42 72 38 0 15 0 42 37 23 0 94 
0 0 0 0 0 0 0 0 0 0 0 0 0 0 0 0 0 0 0 0 0 0 0 0 0 0 0 0 0 0 0 0 0 0 0 0 0 0 0 0 45 55 0 0 0 0 0 0 37 79 44 0 49 0 39 89 84 0 23 0 0 1 0 0 44 0 0 0 83 0 0 19 49 0 24 0 0 0 0 0 0 0 0 0 0 68 0 45 0 62 
0 0 0 0 0 0 0 0 0 0 0 0 0 0 0 0 0 0 0 0 0 0 0 0 0 0 0 0 0 0 0 0 0 0 0 0 0 0 0 0 0 0 0 0 0 0 0 0 0 0 0 0 0 0 0 0 0 0 0 0 0 0 0 0 0 0 0 0 0 0 0 0 0 0 0 0 0 0 0 0 0 0 0 0 0 0 0 0 0 0 
0 0 0 0 0 0 0 0 0 0 0 0 0 0 0 0 0 0 0 0 0 0 0 0 0 0 0 0 0 0 0 0 0 0 0 0 0 0 0 0 0 0 0 0 0 0 0 0 91 0 48 0 57 0 0 34 57 0 75 0 0 20 0 0 55 0 0 0 77 0 0 3 32 0 44 0 0 0 0 0 0 0 0 0 0 95 0 76 0 41 
0 0 0 0 0 0 0 0 0 0 0 0 0 0 0 0 0 0 0 0 0 0 0 0 0 0 0 0 0 0 0 0 0 0 0 0 0 0 0 0 0 0 0 33 45 92 52 16 14 83 58 85 98 60 79 27 92 94 2 9 53 99 31 89 49 43 76 47 28 92 40 53 72 34 80 7 1 68 25 21 71 89 49 94 56 47 19 18 87 48 
0 0 0 0 0 0 0 0 0 0 0 0 0 0 0 0 0 0 0 0 0 0 0 0 0 0 0 0 0 0 0 0 0 0 0 0 0 0 0 0 0 0 0 0 66 0 6 0 5 82 93 50 97 76 18 21 30 43 12 18 0 35 0 0 39 91 0 0 17 44 0 72 61 86 35 0 0 0 69 47 82 0 0 58 0 80 0 60 0 31 
0 0 0 0 0 0 0 0 0 0 0 0 0 0 0 0 0 0 0 0 0 0 0 0 0 0 0 0 0 0 0 0 0 0 0 0 0 0 0 0 0 0 0 0 0 0 96 0 40 95 68 88 36 5 5 94 66 33 94 3 0 41 0 0 98 0 0 0 60 56 0 63 50 0 60 0 0 0 90 3 64 0 0 95 0 33 0 1 0 41 
0 0 0 0 0 0 0 0 0 0 0 0 0 0 0 0 0 0 0 0 0 0 0 0 0 0 0 0 0 0 0 0 0 0 0 0 0 0 0 0 0 0 0 0 0 0 59 0 70 86 55 78 58 90 24 49 48 80 23 68 0 82 22 12 31 25 0 43 32 50 0 6 11 29 9 44 0 32 9 38 60 46 0 12 0 69 72 37 0 73 
0 0 0 0 0 0 0 0 0 0 0 0 0 0 0 0 0 0 0 0 0 0 0 0 0 0 0 0 0 0 0 0 0 0 0 0 0 0 0 0 0 0 0 0 0 0 0 0 12 46 98 33 37 11 67 99 66 0 73 5 0 30 0 0 21 0 0 0 8 38 0 39 62 0 6 0 0 0 0 74 53 0 0 62 0 27 0 55 0 89 
0 0 0 0 0 0 0 0 0 0 0 0 0 0 0 0 0 0 0 0 0 0 0 0 0 0 0 0 0 0 0 0 0 0 0 0 0 0 0 0 0 0 0 0 0 0 0 0 91 92 77 97 16 75 20 92 3 97 11 70 44 16 93 21 47 12 0 74 57 11 21 88 96 86 6 0 0 80 51 57 62 78 77 47 0 23 70 26 0 48 
0 0 0 0 0 0 0 0 0 0 0 0 0 0 0 0 0 0 0 0 0 0 0 0 0 0 0 0 0 0 0 0 0 0 0 0 0 0 0 0 0 0 0 0 0 0 0 0 0 0 80 0 0 0 0 0 7 0 49 0 0 0 0 0 0 0 0 0 0 0 0 0 34 0 0 0 0 0 0 0 0 0 0 0 0 0 0 0 0 70 
0 0 0 0 0 0 0 0 0 0 0 0 0 0 0 0 0 0 0 0 0 0 0 0 0 0 0 0 0 0 0 0 0 0 0 0 0 0 0 0 0 0 0 0 0 0 0 0 0 0 64 0 82 0 74 24 25 0 93 0 0 29 0 0 91 0 0 0 94 0 0 4 33 0 99 0 0 0 0 0 0 0 0 0 0 2 0 55 0 25 
0 0 0 0 0 0 0 0 0 0 0 0 0 0 0 0 0 0 0 0 0 0 0 0 0 0 0 0 0 0 0 0 0 0 0 0 0 0 0 0 0 0 0 0 0 0 0 0 0 0 0 0 0 0 0 0 83 0 0 0 0 0 0 0 0 0 0 0 0 0 0 0 0 0 0 0 0 0 0 0 0 0 0 0 0 0 0 0 0 48 
0 0 0 0 0 0 0 0 0 0 0 0 0 0 0 0 0 0 0 0 0 0 0 0 0 0 0 0 0 0 0 0 0 0 0 0 0 0 0 0 0 0 0 0 0 0 0 0 0 0 0 0 26 43 9 67 25 0 38 0 0 96 0 0 93 0 0 0 16 85 0 95 92 0 48 0 0 0 0 0 17 0 0 48 0 3 0 9 0 32 
0 0 0 0 0 0 0 0 0 0 0 0 0 0 0 0 0 0 0 0 0 0 0 0 0 0 0 0 0 0 0 0 0 0 0 0 0 0 0 0 0 0 0 0 0 0 0 0 0 0 0 0 0 0 0 0 92 0 62 0 0 0 0 0 0 0 0 0 12 0 0 0 59 0 0 0 0 0 0 0 0 0 0 0 0 99 0 0 0 92 
0 0 0 0 0 0 0 0 0 0 0 0 0 0 0 0 0 0 0 0 0 0 0 0 0 0 0 0 0 0 0 0 0 0 0 0 0 0 0 0 0 0 0 0 0 0 0 0 0 0 0 0 0 0 71 16 11 0 30 0 0 3 0 0 81 0 0 0 52 0 0 29 79 0 11 0 0 0 0 0 0 0 0 13 0 70 0 92 0 29 
0 0 0 0 0 0 0 0 0 0 0 0 0 0 0 0 0 0 0 0 0 0 0 0 0 0 0 0 0 0 0 0 0 0 0 0 0 0 0 0 0 0 0 0 0 0 0 0 0 0 0 0 0 0 0 24 27 0 8 0 0 47 0 0 20 0 0 0 27 0 0 83 78 0 52 0 0 0 0 0 0 0 0 0 0 22 0 0 0 27 
0 0 0 0 0 0 0 0 0 0 0 0 0 0 0 0 0 0 0 0 0 0 0 0 0 0 0 0 0 0 0 0 0 0 0 0 0 0 0 0 0 0 0 0 0 0 0 0 0 0 0 0 0 0 0 0 38 0 66 0 0 48 0 0 0 0 0 0 45 0 0 0 78 0 0 0 0 0 0 0 0 0 0 0 0 95 0 0 0 57 
0 0 0 0 0 0 0 0 0 0 0 0 0 0 0 0 0 0 0 0 0 0 0 0 0 0 0 0 0 0 0 0 0 0 0 0 0 0 0 0 0 0 0 0 0 0 0 0 0 0 0 0 0 0 0 0 0 0 0 0 0 0 0 0 0 0 0 0 0 0 0 0 0 0 0 0 0 0 0 0 0 0 0 0 0 0 0 0 0 98 
0 0 0 0 0 0 0 0 0 0 0 0 0 0 0 0 0 0 0 0 0 0 0 0 0 0 0 0 0 0 0 0 0 0 0 0 0 0 0 0 0 0 0 0 0 0 0 0 0 0 0 0 0 0 0 0 0 0 27 82 0 68 0 0 21 0 0 0 14 56 0 31 19 0 23 0 0 0 27 0 17 0 0 26 0 60 0 3 0 46 
0 0 0 0 0 0 0 0 0 0 0 0 0 0 0 0 0 0 0 0 0 0 0 0 0 0 0 0 0 0 0 0 0 0 0 0 0 0 0 0 0 0 0 0 0 0 0 0 0 0 0 0 0 0 0 0 0 0 0 0 0 0 0 0 0 0 0 0 0 0 0 0 3 0 0 0 0 0 0 0 0 0 0 0 0 0 0 0 0 6 
0 0 0 0 0 0 0 0 0 0 0 0 0 0 0 0 0 0 0 0 0 0 0 0 0 0 0 0 0 0 0 0 0 0 0 0 0 0 0 0 0 0 0 0 0 0 0 0 0 0 0 0 0 0 0 0 0 0 0 0 0 31 0 0 60 0 0 0 100 30 0 14 0 0 75 0 0 0 0 0 49 0 0 98 0 62 0 7 0 31 
0 0 0 0 0 0 0 0 0 0 0 0 0 0 0 0 0 0 0 0 0 0 0 0 0 0 0 0 0 0 0 0 0 0 0 0 0 0 0 0 0 0 0 0 0 0 0 0 0 0 0 0 0 0 0 0 0 0 0 0 0 35 13 57 63 68 0 85 97 17 59 98 79 62 13 7 0 2 51 29 65 68 18 5 0 28 5 36 0 29 
0 0 0 0 0 0 0 0 0 0 0 0 0 0 0 0 0 0 0 0 0 0 0 0 0 0 0 0 0 0 0 0 0 0 0 0 0 0 0 0 0 0 0 0 0 0 0 0 0 0 0 0 0 0 0 0 0 0 0 0 0 0 0 0 0 0 0 0 66 0 0 0 9 0 0 0 0 0 0 0 0 0 0 0 0 84 0 0 0 97 
0 0 0 0 0 0 0 0 0 0 0 0 0 0 0 0 0 0 0 0 0 0 0 0 0 0 0 0 0 0 0 0 0 0 0 0 0 0 0 0 0 0 0 0 0 0 0 0 0 0 0 0 0 0 0 0 0 0 0 0 0 0 0 0 70 62 0 98 37 46 0 57 53 94 5 25 0 30 11 64 87 9 0 76 0 83 86 91 0 75 
0 0 0 0 0 0 0 0 0 0 0 0 0 0 0 0 0 0 0 0 0 0 0 0 0 0 0 0 0 0 0 0 0 0 0 0 0 0 0 0 0 0 0 0 0 0 0 0 0 0 0 0 0 0 0 0 0 0 0 0 0 0 0 0 10 5 0 40 66 43 0 35 36 88 52 61 0 29 17 36 76 76 0 34 0 2 47 5 0 25 
0 0 0 0 0 0 0 0 0 0 0 0 0 0 0 0 0 0 0 0 0 0 0 0 0 0 0 0 0 0 0 0 0 0 0 0 0 0 0 0 0 0 0 0 0 0 0 0 0 0 0 0 0 0 0 0 0 0 0 0 0 0 0 0 0 0 0 0 46 0 0 0 69 0 0 0 0 0 0 0 0 0 0 0 0 21 0 92 0 99 
0 0 0 0 0 0 0 0 0 0 0 0 0 0 0 0 0 0 0 0 0 0 0 0 0 0 0 0 0 0 0 0 0 0 0 0 0 0 0 0 0 0 0 0 0 0 0 0 0 0 0 0 0 0 0 0 0 0 0 0 0 0 0 0 0 0 0 0 17 27 0 94 34 21 85 0 0 0 87 33 57 0 0 99 0 73 0 94 0 30 
0 0 0 0 0 0 0 0 0 0 0 0 0 0 0 0 0 0 0 0 0 0 0 0 0 0 0 0 0 0 0 0 0 0 0 0 0 0 0 0 0 0 0 0 0 0 0 0 0 0 0 0 0 0 0 0 0 0 0 0 0 0 0 0 0 0 0 61 91 53 75 82 38 24 46 68 0 65 54 33 39 20 8 15 0 71 92 24 0 42 
0 0 0 0 0 0 0 0 0 0 0 0 0 0 0 0 0 0 0 0 0 0 0 0 0 0 0 0 0 0 0 0 0 0 0 0 0 0 0 0 0 0 0 0 0 0 0 0 0 0 0 0 0 0 0 0 0 0 0 0 0 0 0 0 0 0 0 0 65 77 0 12 58 29 45 29 0 0 16 24 15 37 0 86 0 9 21 50 0 36 
0 0 0 0 0 0 0 0 0 0 0 0 0 0 0 0 0 0 0 0 0 0 0 0 0 0 0 0 0 0 0 0 0 0 0 0 0 0 0 0 0 0 0 0 0 0 0 0 0 0 0 0 0 0 0 0 0 0 0 0 0 0 0 0 0 0 0 0 0 0 0 0 17 0 0 0 0 0 0 0 0 0 0 0 0 17 0 0 0 57 
0 0 0 0 0 0 0 0 0 0 0 0 0 0 0 0 0 0 0 0 0 0 0 0 0 0 0 0 0 0 0 0 0 0 0 0 0 0 0 0 0 0 0 0 0 0 0 0 0 0 0 0 0 0 0 0 0 0 0 0 0 0 0 0 0 0 0 0 0 0 0 18 66 0 4 0 0 0 0 0 2 0 0 53 0 67 0 15 0 79 
0 0 0 0 0 0 0 0 0 0 0 0 0 0 0 0 0 0 0 0 0 0 0 0 0 0 0 0 0 0 0 0 0 0 0 0 0 0 0 0 0 0 0 0 0 0 0 0 0 0 0 0 0 0 0 0 0 0 0 0 0 0 0 0 0 0 0 0 0 0 0 15 8 9 34 88 0 1 39 17 14 71 82 88 0 41 87 69 0 17 
0 0 0 0 0 0 0 0 0 0 0 0 0 0 0 0 0 0 0 0 0 0 0 0 0 0 0 0 0 0 0 0 0 0 0 0 0 0 0 0 0 0 0 0 0 0 0 0 0 0 0 0 0 0 0 0 0 0 0 0 0 0 0 0 0 0 0 0 0 0 0 0 19 0 0 0 0 0 0 0 0 0 0 0 0 66 0 88 0 32 
0 0 0 0 0 0 0 0 0 0 0 0 0 0 0 0 0 0 0 0 0 0 0 0 0 0 0 0 0 0 0 0 0 0 0 0 0 0 0 0 0 0 0 0 0 0 0 0 0 0 0 0 0 0 0 0 0 0 0 0 0 0 0 0 0 0 0 0 0 0 0 0 0 0 0 0 0 0 0 0 0 0 0 0 0 0 0 0 0 3 
0 0 0 0 0 0 0 0 0 0 0 0 0 0 0 0 0 0 0 0 0 0 0 0 0 0 0 0 0 0 0 0 0 0 0 0 0 0 0 0 0 0 0 0 0 0 0 0 0 0 0 0 0 0 0 0 0 0 0 0 0 0 0 0 0 0 0 0 0 0 0 0 0 0 0 0 0 0 29 72 0 0 0 16 0 29 0 93 0 23 
0 0 0 0 0 0 0 0 0 0 0 0 0 0 0 0 0 0 0 0 0 0 0 0 0 0 0 0 0 0 0 0 0 0 0 0 0 0 0 0 0 0 0 0 0 0 0 0 0 0 0 0 0 0 0 0 0 0 0 0 0 0 0 0 0 0 0 0 0 0 0 0 0 0 0 0 0 0 0 0 0 0 0 0 0 70 0 65 0 80 
0 0 0 0 0 0 0 0 0 0 0 0 0 0 0 0 0 0 0 0 0 0 0 0 0 0 0 0 0 0 0 0 0 0 0 0 0 0 0 0 0 0 0 0 0 0 0 0 0 0 0 0 0 0 0 0 0 0 0 0 0 0 0 0 0 0 0 0 0 0 0 0 0 0 0 0 0 0 6 100 64 93 0 47 0 36 58 64 0 57 
0 0 0 0 0 0 0 0 0 0 0 0 0 0 0 0 0 0 0 0 0 0 0 0 0 0 0 0 0 0 0 0 0 0 0 0 0 0 0 0 0 0 0 0 0 0 0 0 0 0 0 0 0 0 0 0 0 0 0 0 0 0 0 0 0 0 0 0 0 0 0 0 0 0 0 0 0 74 90 2 61 37 76 15 83 58 54 46 51 5 
0 0 0 0 0 0 0 0 0 0 0 0 0 0 0 0 0 0 0 0 0 0 0 0 0 0 0 0 0 0 0 0 0 0 0 0 0 0 0 0 0 0 0 0 0 0 0 0 0 0 0 0 0 0 0 0 0 0 0 0 0 0 0 0 0 0 0 0 0 0 0 0 0 0 0 0 0 0 80 86 8 87 0 27 0 1 63 82 0 88 
0 0 0 0 0 0 0 0 0 0 0 0 0 0 0 0 0 0 0 0 0 0 0 0 0 0 0 0 0 0 0 0 0 0 0 0 0 0 0 0 0 0 0 0 0 0 0 0 0 0 0 0 0 0 0 0 0 0 0 0 0 0 0 0 0 0 0 0 0 0 0 0 0 0 0 0 0 0 0 80 78 0 0 64 0 16 0 13 0 55 
0 0 0 0 0 0 0 0 0 0 0 0 0 0 0 0 0 0 0 0 0 0 0 0 0 0 0 0 0 0 0 0 0 0 0 0 0 0 0 0 0 0 0 0 0 0 0 0 0 0 0 0 0 0 0 0 0 0 0 0 0 0 0 0 0 0 0 0 0 0 0 0 0 0 0 0 0 0 0 0 71 0 0 83 0 90 0 18 0 12 
0 0 0 0 0 0 0 0 0 0 0 0 0 0 0 0 0 0 0 0 0 0 0 0 0 0 0 0 0 0 0 0 0 0 0 0 0 0 0 0 0 0 0 0 0 0 0 0 0 0 0 0 0 0 0 0 0 0 0 0 0 0 0 0 0 0 0 0 0 0 0 0 0 0 0 0 0 0 0 0 0 0 0 22 0 0 0 39 0 32 
0 0 0 0 0 0 0 0 0 0 0 0 0 0 0 0 0 0 0 0 0 0 0 0 0 0 0 0 0 0 0 0 0 0 0 0 0 0 0 0 0 0 0 0 0 0 0 0 0 0 0 0 0 0 0 0 0 0 0 0 0 0 0 0 0 0 0 0 0 0 0 0 0 0 0 0 0 0 0 0 0 0 0 25 0 16 0 43 0 58 
0 0 0 0 0 0 0 0 0 0 0 0 0 0 0 0 0 0 0 0 0 0 0 0 0 0 0 0 0 0 0 0 0 0 0 0 0 0 0 0 0 0 0 0 0 0 0 0 0 0 0 0 0 0 0 0 0 0 0 0 0 0 0 0 0 0 0 0 0 0 0 0 0 0 0 0 0 0 0 0 0 0 0 98 0 49 5 3 0 50 
0 0 0 0 0 0 0 0 0 0 0 0 0 0 0 0 0 0 0 0 0 0 0 0 0 0 0 0 0 0 0 0 0 0 0 0 0 0 0 0 0 0 0 0 0 0 0 0 0 0 0 0 0 0 0 0 0 0 0 0 0 0 0 0 0 0 0 0 0 0 0 0 0 0 0 0 0 0 0 0 0 0 0 0 0 3 0 59 0 2 
0 0 0 0 0 0 0 0 0 0 0 0 0 0 0 0 0 0 0 0 0 0 0 0 0 0 0 0 0 0 0 0 0 0 0 0 0 0 0 0 0 0 0 0 0 0 0 0 0 0 0 0 0 0 0 0 0 0 0 0 0 0 0 0 0 0 0 0 0 0 0 0 0 0 0 0 0 0 0 0 0 0 0 0 0 30 64 22 0 74 
0 0 0 0 0 0 0 0 0 0 0 0 0 0 0 0 0 0 0 0 0 0 0 0 0 0 0 0 0 0 0 0 0 0 0 0 0 0 0 0 0 0 0 0 0 0 0 0 0 0 0 0 0 0 0 0 0 0 0 0 0 0 0 0 0 0 0 0 0 0 0 0 0 0 0 0 0 0 0 0 0 0 0 0 0 0 0 0 0 96 
0 0 0 0 0 0 0 0 0 0 0 0 0 0 0 0 0 0 0 0 0 0 0 0 0 0 0 0 0 0 0 0 0 0 0 0 0 0 0 0 0 0 0 0 0 0 0 0 0 0 0 0 0 0 0 0 0 0 0 0 0 0 0 0 0 0 0 0 0 0 0 0 0 0 0 0 0 0 0 0 0 0 0 0 0 0 0 54 0 33 
0 0 0 0 0 0 0 0 0 0 0 0 0 0 0 0 0 0 0 0 0 0 0 0 0 0 0 0 0 0 0 0 0 0 0 0 0 0 0 0 0 0 0 0 0 0 0 0 0 0 0 0 0 0 0 0 0 0 0 0 0 0 0 0 0 0 0 0 0 0 0 0 0 0 0 0 0 0 0 0 0 0 0 0 0 0 0 0 0 74 
0 0 0 0 0 0 0 0 0 0 0 0 0 0 0 0 0 0 0 0 0 0 0 0 0 0 0 0 0 0 0 0 0 0 0 0 0 0 0 0 0 0 0 0 0 0 0 0 0 0 0 0 0 0 0 0 0 0 0 0 0 0 0 0 0 0 0 0 0 0 0 0 0 0 0 0 0 0 0 0 0 0 0 0 0 0 0 0 0 96 
0 0 0 0 0 0 0 0 0 0 0 0 0 0 0 0 0 0 0 0 0 0 0 0 0 0 0 0 0 0 0 0 0 0 0 0 0 0 0 0 0 0 0 0 0 0 0 0 0 0 0 0 0 0 0 0 0 0 0 0 0 0 0 0 0 0 0 0 0 0 0 0 0 0 0 0 0 0 0 0 0 0 0 0 0 0 0 0 0 0 
