60 
0 93 63 62 50 55 25 63 77 62 28 67 35 86 36 24 17 78 100 72 97 99 50 88 32 98 27 64 75 85 67 24 51 51 100 56 86 41 17 26 60 58 84 92 81 87 100 48 99 32 66 93 9 60 88 54 28 20 27 88 
93 0 29 30 18 85 53 25 4 47 45 19 95 96 87 2 63 68 87 3 89 52 19 63 62 72 92 36 35 100 78 62 13 94 73 20 85 80 98 15 49 30 58 21 4 87 80 30 37 96 66 64 12 78 61 96 20 79 100 7 
63 29 0 75 34 61 5 88 11 17 69 96 59 19 51 66 97 86 21 50 36 94 74 85 84 67 8 78 33 50 12 11 47 51 61 73 95 28 62 30 36 32 78 89 15 38 28 43 69 98 14 27 72 64 49 14 27 11 84 88 
62 30 75 0 10 23 63 25 50 70 77 65 65 72 73 31 75 69 65 10 82 56 72 71 10 52 76 64 55 82 26 53 99 34 70 38 30 34 38 81 72 59 97 97 71 39 5 56 36 57 28 46 79 37 39 56 16 100 96 21 
50 18 34 10 0 90 47 18 3 100 33 24 41 88 35 8 36 69 20 45 80 78 77 23 26 29 82 80 45 68 99 61 89 80 93 10 86 35 70 24 8 75 2 10 89 30 72 32 100 46 11 75 62 8 29 57 10 83 36 67 
55 85 61 23 90 0 26 4 22 84 97 47 20 49 12 91 64 82 31 10 23 50 83 63 4 88 14 28 84 4 24 88 57 46 67 67 91 3 29 9 20 41 61 49 56 68 21 31 26 18 18 86 74 41 79 40 86 39 33 55 
25 53 5 63 47 26 0 57 34 30 34 45 49 7 18 30 90 59 9 45 3 20 82 53 75 54 76 23 22 64 86 43 79 99 4 30 74 19 89 11 28 78 91 16 45 28 29 53 65 60 94 30 63 54 23 6 14 3 78 95 
63 25 88 25 18 4 57 0 41 57 24 18 48 14 28 21 41 96 79 43 86 44 87 55 71 94 35 93 59 60 48 5 65 7 47 45 96 65 94 17 55 71 10 7 17 37 96 87 4 83 65 69 60 89 53 1 61 28 22 28 
77 4 11 50 3 22 34 41 0 8 26 30 87 100 14 97 34 56 14 71 55 45 17 15 51 2 9 81 16 84 42 75 61 91 53 15 13 100 76 61 3 79 88 49 90 31 33 39 19 12 30 80 19 73 48 81 5 32 70 68 
62 47 17 70 100 84 30 57 8 0 28 77 7 86 51 61 57 68 85 10 10 37 33 61 30 6 53 46 82 88 67 92 12 84 23 93 25 77 35 98 87 63 99 64 7 35 33 22 9 53 4 80 91 81 77 36 92 96 7 27 
28 45 69 77 33 97 34 24 26 28 0 14 97 38 69 91 68 79 73 12 10 60 67 1 16 50 15 26 1 90 50 78 93 96 44 26 22 54 67 13 1 25 59 76 100 53 12 87 80 4 58 32 25 84 92 48 9 74 94 63 
67 19 96 65 24 47 45 18 30 77 14 0 28 51 61 97 7 18 92 25 100 83 8 3 100 7 57 80 29 45 5 97 27 98 40 43 7 94 26 19 48 67 83 35 76 15 25 99 48 75 79 86 7 81 97 8 34 86 9 60 
35 95 59 65 41 20 49 48 87 7 97 28 0 20 75 8 68 60 72 18 60 25 94 31 4 25 90 97 33 44 93 65 50 68 86 50 30 24 88 43 75 42 85 9 5 98 80 57 73 52 44 31 33 62 16 32 39 96 1 58 
86 96 19 72 88 49 7 14 100 86 38 51 20 0 90 87 82 55 75 65 89 30 5 61 91 16 25 40 26 82 39 41 96 23 15 72 2 8 51 64 38 95 83 96 16 78 44 54 55 90 44 45 39 27 50 91 31 18 29 44 
36 87 51 73 35 12 18 28 14 51 69 61 75 90 0 71 24 26 54 92 63 23 55 74 9 80 52 15 99 66 17 93 87 66 90 89 34 73 38 84 89 21 76 48 100 4 76 18 67 79 31 83 26 60 27 4 46 21 48 79 
24 2 66 31 8 91 30 21 97 61 91 97 8 87 71 0 71 92 34 87 20 82 46 67 7 42 32 28 90 72 40 95 85 4 21 75 7 51 55 25 39 44 34 26 55 73 18 19 94 67 56 91 10 92 19 91 20 2 32 49 
17 63 97 75 36 64 90 41 34 57 68 7 68 82 24 71 0 92 47 61 18 44 46 77 5 13 27 84 94 18 26 38 29 16 82 76 28 23 76 21 17 64 60 31 85 10 60 18 52 61 98 76 34 44 100 67 52 86 26 2 
78 68 86 69 69 82 59 96 56 68 79 18 60 55 26 92 92 0 11 22 45 96 63 60 80 1 56 8 79 86 4 86 68 8 62 22 72 88 64 34 74 37 83 9 78 54 32 56 24 70 72 52 52 29 30 66 24 91 7 82 
100 87 21 65 20 31 9 79 14 85 73 92 72 75 54 34 47 11 0 30 64 67 15 27 77 22 11 45 87 26 99 99 48 39 39 64 70 9 77 97 89 32 37 90 97 42 16 47 6 81 100 25 63 20 26 44 90 14 52 6 
72 3 50 10 45 10 45 43 71 10 12 25 18 65 92 87 61 22 30 0 82 66 23 37 2 45 2 32 19 41 64 3 79 84 24 19 54 100 26 46 13 11 46 48 4 28 59 29 64 72 33 50 58 19 31 47 21 92 88 68 
97 89 36 82 80 23 3 86 55 10 10 100 60 89 63 20 18 45 64 82 0 27 72 34 35 27 13 26 32 7 88 75 75 30 51 57 4 2 68 62 19 84 6 98 98 55 84 44 75 87 48 11 36 84 77 93 5 95 79 60 
99 52 94 56 78 50 20 44 45 37 60 83 25 30 23 82 44 96 67 66 27 0 70 99 74 40 15 32 39 86 51 7 66 33 90 96 33 64 72 59 77 2 76 76 31 45 46 78 87 45 65 54 30 24 73 17 45 81 49 18 
50 19 74 72 77 83 82 87 17 33 67 8 94 5 55 46 46 63 15 23 72 70 0 2 17 100 80 5 100 54 21 1 56 83 58 2 81 8 23 75 95 65 87 96 65 11 66 53 28 12 36 68 77 25 87 58 37 27 50 9 
88 63 85 71 23 63 53 55 15 61 1 3 31 61 74 67 77 60 27 37 34 99 2 0 74 19 97 28 91 48 39 98 39 31 15 63 86 10 14 25 46 31 96 78 39 11 24 77 45 39 23 95 29 7 32 42 72 99 89 98 
32 62 84 10 26 4 75 71 51 30 16 100 4 91 9 7 5 80 77 2 35 74 17 74 0 14 89 75 98 62 70 60 78 65 28 66 69 50 97 1 22 2 85 51 41 98 8 53 93 24 32 1 34 6 11 84 11 99 68 54 
98 72 67 52 29 88 54 94 2 6 50 7 25 16 80 42 13 1 22 45 27 40 100 19 14 0 34 62 28 16 88 21 88 8 68 85 13 54 89 83 68 68 66 47 24 97 33 10 59 55 48 22 22 76 90 91 69 46 66 18 
27 92 8 76 82 14 76 35 9 53 15 57 90 25 52 32 27 56 11 2 13 15 80 97 89 34 0 11 17 11 27 34 61 33 12 70 6 41 9 57 30 42 56 61 22 36 39 46 36 95 15 59 52 58 66 8 36 71 59 32 
64 36 78 64 80 28 23 93 81 46 26 80 97 40 15 28 84 8 45 32 26 32 5 28 75 62 11 0 12 64 61 85 59 32 6 90 33 47 96 62 57 39 46 28 34 11 38 68 84 80 3 69 5 47 32 78 22 92 41 100 
75 35 33 55 45 84 22 59 16 82 1 29 33 26 99 90 94 79 87 19 32 39 100 91 98 28 17 12 0 87 26 97 62 53 31 61 11 41 25 93 63 93 34 29 11 36 25 13 80 61 13 60 82 69 79 96 36 46 20 66 
85 100 50 82 68 4 64 60 84 88 90 45 44 82 66 72 18 86 26 41 7 86 54 48 62 16 11 64 87 0 31 20 79 69 13 40 9 34 97 9 93 10 39 68 92 58 13 41 6 79 28 67 97 30 25 37 25 33 13 59 
67 78 12 26 99 24 86 48 42 67 50 5 93 39 17 40 26 4 99 64 88 51 21 39 70 88 27 61 26 31 0 70 34 52 72 36 67 8 20 43 13 26 18 47 36 18 18 47 33 87 61 13 4 94 43 83 59 17 60 65 
24 62 11 53 61 88 43 5 75 92 78 97 65 41 93 95 38 86 99 3 75 7 1 98 60 21 34 85 97 20 70 0 79 71 79 29 48 34 36 100 42 87 80 54 58 21 19 64 76 24 8 16 22 61 77 4 50 32 56 14 
51 13 47 99 89 57 79 65 61 12 93 27 50 96 87 85 29 68 48 79 75 66 56 39 78 88 61 59 62 79 34 79 0 57 62 55 61 44 32 2 30 45 2 75 47 29 9 15 20 73 13 89 55 57 4 79 14 60 74 74 
51 94 51 34 80 46 99 7 91 84 96 98 68 23 66 4 16 8 39 84 30 33 83 31 65 8 33 32 53 69 52 71 57 0 35 63 17 36 69 21 91 36 41 57 1 52 34 5 80 100 96 58 59 26 10 74 4 18 24 19 
100 73 61 70 93 67 4 47 53 23 44 40 86 15 90 21 82 62 39 24 51 90 58 15 28 68 12 6 31 13 72 79 62 35 0 94 85 65 27 17 29 77 71 88 99 78 72 35 98 90 11 87 77 75 78 26 20 49 43 62 
56 20 73 38 10 67 30 45 15 93 26 43 50 72 89 75 76 22 64 19 57 96 2 63 66 85 70 90 61 40 36 29 55 63 94 0 21 75 75 78 37 90 49 76 74 53 53 12 44 64 30 2 62 68 81 58 33 43 1 98 
86 85 95 30 86 91 74 96 13 25 22 7 30 2 34 7 28 72 70 54 4 33 81 86 69 13 6 33 11 9 67 48 61 17 85 21 0 51 10 36 21 46 43 37 68 16 66 66 88 36 55 71 58 51 18 67 25 52 67 71 
41 80 28 34 35 3 19 65 100 77 54 94 24 8 73 51 23 88 9 100 2 64 8 10 50 54 41 47 41 34 8 34 44 36 65 75 51 0 83 14 72 59 26 67 11 11 39 66 54 7 64 88 5 82 19 80 85 92 99 94 
17 98 62 38 70 29 89 94 76 35 67 26 88 51 38 55 76 64 77 26 68 72 23 14 97 89 9 96 25 97 20 36 32 69 27 75 10 83 0 46 100 53 81 67 76 67 21 80 48 46 37 8 70 74 81 57 49 40 92 29 
26 15 30 81 24 9 11 17 61 98 13 19 43 64 84 25 21 34 97 46 62 59 75 25 1 83 57 62 93 9 43 100 2 21 17 78 36 14 46 0 84 55 52 17 70 43 60 42 59 91 89 78 97 67 71 96 70 93 12 99 
60 49 36 72 8 20 28 55 3 87 1 48 75 38 89 39 17 74 89 13 19 77 95 46 22 68 30 57 63 93 13 42 30 91 29 37 21 72 100 84 0 90 68 98 20 94 61 94 100 86 12 24 80 67 2 37 79 34 78 45 
58 30 32 59 75 41 78 71 79 63 25 67 42 95 21 44 64 37 32 11 84 2 65 31 2 68 42 39 93 10 26 87 45 36 77 90 46 59 53 55 90 0 3 36 83 58 59 99 42 24 98 49 1 3 40 74 96 97 66 43 
84 58 78 97 2 61 91 10 88 99 59 83 85 83 76 34 60 83 37 46 6 76 87 96 85 66 56 46 34 39 18 80 2 41 71 49 43 26 81 52 68 3 0 9 77 46 48 72 21 23 17 16 43 71 11 13 55 44 14 55 
92 21 89 97 10 49 16 7 49 64 76 35 9 96 48 26 31 9 90 48 98 76 96 78 51 47 61 28 29 68 47 54 75 57 88 76 37 67 67 17 98 36 9 0 57 13 42 93 30 71 20 86 88 9 1 59 91 53 4 77 
81 4 15 71 89 56 45 17 90 7 100 76 5 16 100 55 85 78 97 4 98 31 65 39 41 24 22 34 11 92 36 58 47 1 99 74 68 11 76 70 20 83 77 57 0 90 41 34 92 69 37 22 79 54 23 46 55 66 16 59 
87 87 38 39 30 68 28 37 31 35 53 15 98 78 4 73 10 54 42 28 55 45 11 11 98 97 36 11 36 58 18 21 29 52 78 53 16 11 67 43 94 58 46 13 90 0 37 42 77 89 89 49 24 74 88 98 74 59 47 72 
100 80 28 5 72 21 29 96 33 33 12 25 80 44 76 18 60 32 16 59 84 46 66 24 8 33 39 38 25 13 18 19 9 34 72 53 66 39 21 60 61 59 48 42 41 37 0 44 42 39 58 86 21 40 78 92 54 22 98 14 
48 30 43 56 32 31 53 87 39 22 87 99 57 54 18 19 18 56 47 29 44 78 53 77 53 10 46 68 13 41 47 64 15 5 35 12 66 66 80 42 94 99 72 93 34 42 44 0 3 11 80 74 51 59 51 32 36 18 39 42 
99 37 69 36 100 26 65 4 19 9 80 48 73 55 67 94 52 24 6 64 75 87 28 45 93 59 36 84 80 6 33 76 20 80 98 44 88 54 48 59 100 42 21 30 92 77 42 3 0 39 58 5 83 48 11 64 100 12 63 68 
32 96 98 57 46 18 60 83 12 53 4 75 52 90 79 67 61 70 81 72 87 45 12 39 24 55 95 80 61 79 87 24 73 100 90 64 36 7 46 91 86 24 23 71 69 89 39 11 39 0 15 45 93 32 48 9 49 5 60 52 
66 66 14 28 11 18 94 65 30 4 58 79 44 44 31 56 98 72 100 33 48 65 36 23 32 48 15 3 13 28 61 8 13 96 11 30 55 64 37 89 12 98 17 20 37 89 58 80 58 15 0 25 74 38 40 34 82 57 63 92 
93 64 27 46 75 86 30 69 80 80 32 86 31 45 83 91 76 52 25 50 11 54 68 95 1 22 59 69 60 67 13 16 89 58 87 2 71 88 8 78 24 49 16 86 22 49 86 74 5 45 25 0 80 74 62 53 4 91 96 36 
9 12 72 79 62 74 63 60 19 91 25 7 33 39 26 10 34 52 63 58 36 30 77 29 34 22 52 5 82 97 4 22 55 59 77 62 58 5 70 97 80 1 43 88 79 24 21 51 83 93 74 80 0 98 4 87 26 25 95 45 
60 78 64 37 8 41 54 89 73 81 84 81 62 27 60 92 44 29 20 19 84 24 25 7 6 76 58 47 69 30 94 61 57 26 75 68 51 82 74 67 67 3 71 9 54 74 40 59 48 32 38 74 98 0 32 96 7 24 19 76 
88 61 49 39 29 79 23 53 48 77 92 97 16 50 27 19 100 30 26 31 77 73 87 32 11 90 66 32 79 25 43 77 4 10 78 81 18 19 81 71 2 40 11 1 23 88 78 51 11 48 40 62 4 32 0 57 2 87 69 34 
54 96 14 56 57 40 6 1 81 36 48 8 32 91 4 91 67 66 44 47 93 17 58 42 84 91 8 78 96 37 83 4 79 74 26 58 67 80 57 96 37 74 13 59 46 98 92 32 64 9 34 53 87 96 57 0 22 76 72 41 
28 20 27 16 10 86 14 61 5 92 9 34 39 31 46 20 52 24 90 21 5 45 37 72 11 69 36 22 36 25 59 50 14 4 20 33 25 85 49 70 79 96 55 91 55 74 54 36 100 49 82 4 26 7 2 22 0 25 5 41 
20 79 11 100 83 39 3 28 32 96 74 86 96 18 21 2 86 91 14 92 95 81 27 99 99 46 71 92 46 33 17 32 60 18 49 43 52 92 40 93 34 97 44 53 66 59 22 18 12 5 57 91 25 24 87 76 25 0 13 62 
27 100 84 96 36 33 78 22 70 7 94 9 1 29 48 32 26 7 52 88 79 49 50 89 68 66 59 41 20 13 60 56 74 24 43 1 67 99 92 12 78 66 14 4 16 47 98 39 63 60 63 96 95 19 69 72 5 13 0 94 
88 7 88 21 67 55 95 28 68 27 63 60 58 44 79 49 2 82 6 68 60 18 9 98 54 18 32 100 66 59 65 14 74 19 62 98 71 94 29 99 45 43 55 77 59 72 14 42 68 52 92 36 45 76 34 41 41 62 94 0 
0 0 0 0 0 47 0 9 0 0 0 0 0 0 0 0 0 0 0 0 34 27 58 80 0 0 0 0 0 5 82 0 0 0 0 0 0 0 0 0 48 0 0 0 0 0 0 0 32 0 47 0 94 0 0 0 51 0 52 0 
0 0 0 95 91 3 21 62 64 0 30 93 0 98 0 0 0 37 99 93 28 11 70 3 97 0 0 0 72 4 88 62 20 0 77 89 0 18 0 56 5 51 0 40 94 0 59 0 42 33 60 38 60 77 41 0 96 61 98 52 
0 0 0 56 42 8 53 16 53 86 25 21 53 93 73 84 70 1 89 17 69 29 9 16 98 92 15 29 68 86 83 94 53 94 98 16 100 90 56 31 29 22 80 46 51 23 79 89 86 92 16 94 67 63 13 26 81 50 6 73 
0 0 0 0 0 93 27 9 91 0 0 47 0 0 0 0 0 34 44 85 73 98 81 93 85 0 0 0 48 27 66 7 62 0 0 23 0 0 0 32 96 13 0 0 0 0 0 0 70 37 12 29 34 76 43 40 74 0 97 79 
0 0 0 0 0 41 26 87 80 0 0 39 0 61 0 0 0 35 81 75 25 71 92 50 33 0 0 0 40 77 36 45 63 0 52 39 0 0 0 47 96 87 0 0 76 0 4 0 97 100 24 63 4 0 57 23 84 17 17 57 
0 0 0 0 0 0 0 0 0 0 0 0 0 0 0 0 0 0 0 0 7 50 76 16 0 0 0 0 0 0 45 0 0 0 0 0 0 0 0 0 60 0 0 0 0 0 0 0 31 0 56 0 26 0 0 0 82 0 85 0 
0 0 0 0 0 0 0 31 0 0 0 0 0 0 0 0 0 0 0 0 77 11 15 48 0 0 0 0 0 8 70 0 0 0 0 0 0 0 0 0 66 0 0 0 0 0 0 0 32 0 11 0 72 0 0 19 62 0 75 0 
0 0 0 0 0 0 0 0 0 0 0 0 0 0 0 0 0 0 0 0 15 21 20 96 0 0 0 0 0 63 57 0 0 0 0 0 0 0 0 0 32 0 0 0 0 0 0 0 61 0 8 0 20 0 0 0 18 0 89 0 
0 0 0 0 0 0 0 0 0 0 0 0 0 0 0 0 0 27 0 13 68 56 78 37 71 0 0 0 0 85 66 26 11 0 0 0 0 0 0 30 0 68 0 0 0 0 0 0 29 27 74 0 6 29 56 4 85 0 66 0 
0 0 0 0 0 0 0 0 0 0 0 76 0 13 0 0 0 61 46 50 27 90 88 19 55 0 0 0 6 53 16 67 19 0 22 54 0 14 0 11 0 51 0 25 23 0 79 0 90 100 33 19 2 91 69 60 10 40 51 75 
0 0 0 0 0 0 0 0 0 0 0 74 0 26 0 0 0 95 82 4 33 4 76 95 45 0 0 0 83 83 30 10 85 0 32 86 0 77 0 30 44 92 0 79 73 0 81 0 64 47 97 38 35 50 15 39 28 57 19 99 
0 0 0 0 0 0 0 0 0 0 0 0 0 0 0 0 0 12 0 49 30 78 75 39 35 0 0 0 0 78 90 82 79 0 0 0 0 0 0 45 70 8 0 0 0 0 0 0 38 56 14 0 36 89 2 95 35 0 49 0 
0 0 0 0 0 0 0 0 0 0 0 0 0 62 0 0 0 26 47 54 21 1 47 82 8 0 0 0 15 38 53 72 100 0 26 42 0 22 0 40 3 23 0 62 89 0 93 0 71 17 71 51 4 79 87 25 19 61 2 74 
0 0 0 0 0 0 0 0 0 0 0 0 0 0 0 0 0 35 33 94 25 56 51 9 25 0 0 0 67 85 63 45 27 0 26 55 0 0 0 35 77 4 0 0 0 0 79 0 67 93 88 9 95 76 43 30 7 0 95 86 
0 0 0 0 0 0 0 0 0 0 0 0 0 0 0 74 36 45 95 31 24 19 9 91 99 21 5 0 49 22 17 99 89 0 35 1 0 72 1 73 79 83 0 77 31 99 67 0 62 24 17 42 60 24 4 94 89 55 48 31 
0 0 0 0 0 0 0 0 0 0 0 0 0 0 0 0 16 33 58 6 89 31 97 21 61 0 42 0 77 40 88 57 53 0 85 78 0 15 0 69 33 97 0 16 67 21 79 0 90 71 98 71 19 96 26 87 93 52 80 98 
0 0 0 0 0 0 0 0 0 0 0 0 0 0 0 0 0 12 19 1 87 55 52 57 60 0 0 0 44 24 69 5 86 0 57 2 0 19 0 55 8 2 0 98 11 0 59 0 15 3 6 81 57 26 56 15 79 20 88 57 
0 0 0 0 0 0 0 0 0 0 0 0 0 0 0 0 0 0 0 0 3 58 44 63 41 0 0 0 0 17 61 55 0 0 0 0 0 0 0 0 88 46 0 0 0 0 0 0 11 0 7 0 57 0 86 12 83 0 82 0 
0 0 0 0 0 0 0 0 0 0 0 0 0 0 0 0 0 0 0 1 27 60 37 63 76 0 0 0 0 80 71 72 44 0 0 0 0 0 0 86 27 84 0 0 0 0 0 0 33 95 48 0 68 72 71 86 32 0 37 0 
0 0 0 0 0 0 0 0 0 0 0 0 0 0 0 0 0 0 0 0 34 77 33 60 26 0 0 0 0 72 41 0 93 0 0 0 0 0 0 5 78 77 0 0 0 0 0 0 4 67 97 0 71 10 58 22 77 0 72 0 
0 0 0 0 0 0 0 0 0 0 0 0 0 0 0 0 0 0 0 0 0 0 0 0 0 0 0 0 0 0 74 0 0 0 0 0 0 0 0 0 95 0 0 0 0 0 0 0 0 0 0 0 0 0 0 0 0 0 0 0 
0 0 0 0 0 0 0 0 0 0 0 0 0 0 0 0 0 0 0 0 0 0 0 3 0 0 0 0 0 0 69 0 0 0 0 0 0 0 0 0 64 0 0 0 0 0 0 0 0 0 57 0 0 0 0 0 50 0 7 0 
0 0 0 0 0 0 0 0 0 0 0 0 0 0 0 0 0 0 0 0 0 0 0 99 0 0 0 0 0 0 24 0 0 0 0 0 0 0 0 0 76 0 0 0 0 0 0 0 43 0 8 0 0 0 0 0 32 0 20 0 
0 0 0 0 0 0 0 0 0 0 0 0 0 0 0 0 0 0 0 0 0 0 0 0 0 0 0 0 0 0 82 0 0 0 0 0 0 0 0 0 78 0 0 0 0 0 0 0 0 0 23 0 0 0 0 0 90 0 0 0 
0 0 0 0 0 0 0 0 0 0 0 0 0 0 0 0 0 0 0 0 0 0 0 0 0 0 0 0 0 45 85 0 0 0 0 0 0 0 0 0 97 0 0 0 0 0 0 0 24 0 77 0 10 0 0 61 43 0 57 0 
0 0 0 0 0 0 0 0 0 0 0 0 0 0 0 0 0 0 0 0 0 0 0 0 0 0 52 0 100 55 15 14 32 0 20 45 0 88 70 6 0 32 0 7 20 16 50 0 100 39 77 89 24 18 28 45 80 64 66 44 
0 0 0 0 0 0 0 0 0 0 0 0 0 0 0 0 0 0 0 0 0 0 0 0 0 0 0 0 44 18 76 23 7 0 26 1 0 40 0 47 62 1 0 23 31 0 18 0 15 98 85 31 34 52 79 34 9 34 70 26 
0 0 0 0 0 0 0 0 0 0 0 0 0 0 0 0 0 0 0 0 0 0 0 0 0 0 0 0 47 51 41 17 40 0 95 31 0 66 1 69 48 95 0 42 84 81 71 57 86 50 13 69 60 21 74 23 80 38 73 8 
0 0 0 0 0 0 0 0 0 0 0 0 0 0 0 0 0 0 0 0 0 0 0 0 0 0 0 0 0 70 23 5 21 0 0 95 0 0 0 20 73 72 0 0 0 0 0 0 95 29 3 0 19 19 47 49 23 0 76 0 
0 0 0 0 0 0 0 0 0 0 0 0 0 0 0 0 0 0 0 0 0 0 0 0 0 0 0 0 0 0 50 0 0 0 0 0 0 0 0 0 37 0 0 0 0 0 0 0 44 0 19 0 28 0 0 0 83 0 22 0 
0 0 0 0 0 0 0 0 0 0 0 0 0 0 0 0 0 0 0 0 0 0 0 0 0 0 0 0 0 0 0 0 0 0 0 0 0 0 0 0 69 0 0 0 0 0 0 0 0 0 0 0 0 0 0 0 0 0 0 0 
0 0 0 0 0 0 0 0 0 0 0 0 0 0 0 0 0 0 0 0 0 0 0 0 0 0 0 0 0 0 0 0 0 0 0 0 0 0 0 0 85 0 0 0 0 0 0 0 76 0 40 0 11 0 0 78 9 0 88 0 
0 0 0 0 0 0 0 0 0 0 0 0 0 0 0 0 0 0 0 0 0 0 0 0 0 0 0 0 0 0 0 0 0 0 0 0 0 0 0 0 22 18 0 0 0 0 0 0 19 0 64 0 8 0 65 99 3 0 74 0 
0 0 0 0 0 0 0 0 0 0 0 0 0 0 0 0 0 0 0 0 0 0 0 0 0 0 0 0 0 0 0 0 0 0 45 5 0 81 44 76 17 9 0 85 47 69 27 54 91 27 23 98 60 46 39 26 27 30 96 27 
0 0 0 0 0 0 0 0 0 0 0 0 0 0 0 0 0 0 0 0 0 0 0 0 0 0 0 0 0 0 0 0 0 0 0 92 0 0 0 73 9 34 0 0 0 0 25 0 75 20 97 11 65 54 5 7 69 0 59 46 
0 0 0 0 0 0 0 0 0 0 0 0 0 0 0 0 0 0 0 0 0 0 0 0 0 0 0 0 0 0 0 0 0 0 0 0 0 0 0 75 27 53 0 0 0 0 0 0 95 9 6 0 6 88 78 90 5 0 5 0 
0 0 0 0 0 0 0 0 0 0 0 0 0 0 0 0 0 0 0 0 0 0 0 0 0 0 0 0 0 0 0 0 0 0 0 0 0 84 63 77 1 32 27 2 60 75 94 27 44 34 65 3 62 22 100 54 93 95 3 98 
0 0 0 0 0 0 0 0 0 0 0 0 0 0 0 0 0 0 0 0 0 0 0 0 0 0 0 0 0 0 0 0 0 0 0 0 0 0 0 39 88 6 0 0 92 0 87 0 52 46 30 98 47 96 98 22 100 18 8 80 
0 0 0 0 0 0 0 0 0 0 0 0 0 0 0 0 0 0 0 0 0 0 0 0 0 0 0 0 0 0 0 0 0 0 0 0 0 0 0 61 32 58 0 76 47 19 22 0 28 13 66 97 97 86 7 95 17 65 66 92 
0 0 0 0 0 0 0 0 0 0 0 0 0 0 0 0 0 0 0 0 0 0 0 0 0 0 0 0 0 0 0 0 0 0 0 0 0 0 0 0 45 55 0 0 0 0 0 0 37 79 44 0 49 0 39 89 84 0 23 0 
0 0 0 0 0 0 0 0 0 0 0 0 0 0 0 0 0 0 0 0 0 0 0 0 0 0 0 0 0 0 0 0 0 0 0 0 0 0 0 0 0 0 0 0 0 0 0 0 0 0 0 0 0 0 0 0 0 0 0 0 
0 0 0 0 0 0 0 0 0 0 0 0 0 0 0 0 0 0 0 0 0 0 0 0 0 0 0 0 0 0 0 0 0 0 0 0 0 0 0 0 0 0 0 0 0 0 0 0 91 0 48 0 57 0 0 34 57 0 75 0 
0 0 0 0 0 0 0 0 0 0 0 0 0 0 0 0 0 0 0 0 0 0 0 0 0 0 0 0 0 0 0 0 0 0 0 0 0 0 0 0 0 0 0 33 45 92 52 16 14 83 58 85 98 60 79 27 92 94 2 9 
0 0 0 0 0 0 0 0 0 0 0 0 0 0 0 0 0 0 0 0 0 0 0 0 0 0 0 0 0 0 0 0 0 0 0 0 0 0 0 0 0 0 0 0 66 0 6 0 5 82 93 50 97 76 18 21 30 43 12 18 
0 0 0 0 0 0 0 0 0 0 0 0 0 0 0 0 0 0 0 0 0 0 0 0 0 0 0 0 0 0 0 0 0 0 0 0 0 0 0 0 0 0 0 0 0 0 96 0 40 95 68 88 36 5 5 94 66 33 94 3 
0 0 0 0 0 0 0 0 0 0 0 0 0 0 0 0 0 0 0 0 0 0 0 0 0 0 0 0 0 0 0 0 0 0 0 0 0 0 0 0 0 0 0 0 0 0 59 0 70 86 55 78 58 90 24 49 48 80 23 68 
0 0 0 0 0 0 0 0 0 0 0 0 0 0 0 0 0 0 0 0 0 0 0 0 0 0 0 0 0 0 0 0 0 0 0 0 0 0 0 0 0 0 0 0 0 0 0 0 12 46 98 33 37 11 67 99 66 0 73 5 
0 0 0 0 0 0 0 0 0 0 0 0 0 0 0 0 0 0 0 0 0 0 0 0 0 0 0 0 0 0 0 0 0 0 0 0 0 0 0 0 0 0 0 0 0 0 0 0 91 92 77 97 16 75 20 92 3 97 11 70 
0 0 0 0 0 0 0 0 0 0 0 0 0 0 0 0 0 0 0 0 0 0 0 0 0 0 0 0 0 0 0 0 0 0 0 0 0 0 0 0 0 0 0 0 0 0 0 0 0 0 80 0 0 0 0 0 7 0 49 0 
0 0 0 0 0 0 0 0 0 0 0 0 0 0 0 0 0 0 0 0 0 0 0 0 0 0 0 0 0 0 0 0 0 0 0 0 0 0 0 0 0 0 0 0 0 0 0 0 0 0 64 0 82 0 74 24 25 0 93 0 
0 0 0 0 0 0 0 0 0 0 0 0 0 0 0 0 0 0 0 0 0 0 0 0 0 0 0 0 0 0 0 0 0 0 0 0 0 0 0 0 0 0 0 0 0 0 0 0 0 0 0 0 0 0 0 0 83 0 0 0 
0 0 0 0 0 0 0 0 0 0 0 0 0 0 0 0 0 0 0 0 0 0 0 0 0 0 0 0 0 0 0 0 0 0 0 0 0 0 0 0 0 0 0 0 0 0 0 0 0 0 0 0 26 43 9 67 25 0 38 0 
0 0 0 0 0 0 0 0 0 0 0 0 0 0 0 0 0 0 0 0 0 0 0 0 0 0 0 0 0 0 0 0 0 0 0 0 0 0 0 0 0 0 0 0 0 0 0 0 0 0 0 0 0 0 0 0 92 0 62 0 
0 0 0 0 0 0 0 0 0 0 0 0 0 0 0 0 0 0 0 0 0 0 0 0 0 0 0 0 0 0 0 0 0 0 0 0 0 0 0 0 0 0 0 0 0 0 0 0 0 0 0 0 0 0 71 16 11 0 30 0 
0 0 0 0 0 0 0 0 0 0 0 0 0 0 0 0 0 0 0 0 0 0 0 0 0 0 0 0 0 0 0 0 0 0 0 0 0 0 0 0 0 0 0 0 0 0 0 0 0 0 0 0 0 0 0 24 27 0 8 0 
0 0 0 0 0 0 0 0 0 0 0 0 0 0 0 0 0 0 0 0 0 0 0 0 0 0 0 0 0 0 0 0 0 0 0 0 0 0 0 0 0 0 0 0 0 0 0 0 0 0 0 0 0 0 0 0 38 0 66 0 
0 0 0 0 0 0 0 0 0 0 0 0 0 0 0 0 0 0 0 0 0 0 0 0 0 0 0 0 0 0 0 0 0 0 0 0 0 0 0 0 0 0 0 0 0 0 0 0 0 0 0 0 0 0 0 0 0 0 0 0 
0 0 0 0 0 0 0 0 0 0 0 0 0 0 0 0 0 0 0 0 0 0 0 0 0 0 0 0 0 0 0 0 0 0 0 0 0 0 0 0 0 0 0 0 0 0 0 0 0 0 0 0 0 0 0 0 0 0 27 82 
0 0 0 0 0 0 0 0 0 0 0 0 0 0 0 0 0 0 0 0 0 0 0 0 0 0 0 0 0 0 0 0 0 0 0 0 0 0 0 0 0 0 0 0 0 0 0 0 0 0 0 0 0 0 0 0 0 0 0 0 
0 0 0 0 0 0 0 0 0 0 0 0 0 0 0 0 0 0 0 0 0 0 0 0 0 0 0 0 0 0 0 0 0 0 0 0 0 0 0 0 0 0 0 0 0 0 0 0 0 0 0 0 0 0 0 0 0 0 0 0 
