100 
0 22 99 96 6 6 38 19 54 18 34 11 82 53 91 94 75 81 89 100 25 62 25 34 12 2 13 48 54 75 51 35 72 94 52 97 38 85 73 70 59 6 40 14 35 97 22 46 31 81 42 44 16 29 4 64 64 100 55 35 93 74 51 37 93 3 44 87 42 20 55 64 79 16 32 54 99 63 11 34 93 15 5 42 89 98 29 35 61 85 82 32 73 38 20 81 7 92 63 36 
22 0 48 32 3 28 80 98 89 81 91 94 45 21 63 43 66 18 50 68 38 44 2 42 75 59 74 3 15 76 29 88 45 72 17 91 5 40 62 53 14 97 4 97 27 28 14 4 9 80 67 73 82 94 45 94 90 5 35 99 32 94 88 98 59 61 83 49 25 36 15 45 8 10 20 98 42 71 100 49 53 63 57 73 25 72 50 35 14 48 19 71 41 60 27 77 84 6 72 97 
99 48 0 93 94 54 17 14 65 96 10 92 79 54 55 10 41 63 67 44 11 8 41 39 64 23 40 93 34 35 9 11 8 34 19 88 46 3 41 85 36 92 88 78 46 51 45 2 100 80 19 59 84 60 34 8 47 65 66 51 82 80 44 63 88 5 55 36 99 24 41 82 65 83 34 60 95 26 61 28 11 24 7 50 75 72 29 100 93 58 77 100 3 73 40 94 54 35 75 64 
96 32 93 0 83 81 32 63 9 26 76 95 68 10 10 21 87 87 96 28 91 47 95 55 22 47 73 35 77 64 43 40 12 18 89 40 98 46 81 53 91 17 32 85 27 20 89 29 34 17 94 69 34 55 46 1 86 77 5 44 45 45 30 6 60 67 38 100 60 89 75 58 21 81 69 8 82 4 25 79 38 12 17 3 92 17 14 10 2 79 24 82 50 60 62 99 10 18 13 95 
6 3 94 83 0 63 52 99 51 8 98 62 19 68 16 35 88 21 77 74 59 44 66 14 92 2 100 77 21 94 6 72 9 14 34 36 74 55 32 41 19 26 32 90 95 49 63 60 68 7 95 43 31 79 47 65 100 62 42 71 76 41 89 20 82 45 7 83 94 58 73 24 28 29 59 70 29 55 37 88 80 74 52 54 98 45 9 68 63 90 27 25 84 79 78 60 18 67 74 18 
6 28 54 81 63 0 60 13 97 63 1 74 10 80 91 20 28 66 76 93 100 38 1 12 58 68 68 54 77 4 73 53 67 78 92 32 14 97 15 9 96 7 82 6 45 91 22 10 12 45 34 25 27 100 24 50 26 44 87 22 84 48 97 66 79 25 97 1 94 97 67 14 24 67 90 96 90 59 4 69 30 39 4 16 26 1 75 26 10 69 28 5 54 69 30 14 50 33 69 60 
38 80 17 32 52 60 0 9 48 54 64 14 82 24 21 16 48 56 80 63 39 4 92 47 41 80 59 6 7 89 32 41 26 45 72 11 58 27 5 16 70 18 77 98 96 21 38 11 73 89 33 29 73 100 8 55 10 12 51 70 8 15 70 64 98 17 64 9 33 85 49 36 74 42 51 7 45 63 62 85 24 13 19 2 23 82 33 91 96 22 54 20 96 47 15 99 12 15 100 20 
19 98 14 63 99 13 9 0 11 87 25 93 74 59 25 56 26 86 17 2 70 64 93 60 89 21 95 18 81 40 97 43 75 100 71 78 62 9 57 70 21 73 35 28 48 25 82 62 46 15 11 55 68 76 7 43 62 17 42 36 67 96 4 68 34 97 16 60 12 43 97 95 17 46 9 12 48 52 11 30 46 3 91 1 78 84 56 61 37 87 98 54 100 84 10 19 83 24 82 59 
54 89 65 9 51 97 48 11 0 8 65 90 67 71 44 28 94 80 29 62 75 65 21 88 30 32 90 69 95 69 38 65 93 33 26 5 72 93 62 77 50 55 63 56 62 44 28 87 12 98 98 22 23 68 90 79 1 15 98 27 69 61 45 5 23 45 12 55 51 56 32 85 47 46 74 27 32 79 79 45 62 51 57 51 26 40 100 75 26 93 75 24 63 80 42 59 95 81 67 21 
18 81 96 26 8 63 54 87 8 0 85 67 29 94 11 94 95 20 86 50 35 13 69 16 2 25 22 2 26 3 54 46 72 25 25 51 71 23 32 29 66 8 21 17 15 55 21 81 87 19 95 43 7 34 34 3 91 85 65 57 97 9 93 72 90 2 5 14 16 83 10 70 34 2 54 18 91 68 47 15 20 19 61 80 66 6 55 6 45 60 73 84 91 39 48 71 93 82 57 94 
34 91 10 76 98 1 64 25 65 85 0 99 65 45 54 90 88 63 78 39 39 61 91 24 23 77 94 28 71 87 27 11 2 98 32 95 13 63 97 72 31 3 89 34 33 67 41 34 37 63 53 31 65 28 76 39 28 15 77 86 7 42 36 56 60 29 9 84 89 31 16 6 55 14 48 5 85 96 69 85 60 48 39 74 63 46 79 15 3 6 61 29 43 74 60 3 19 23 70 99 
11 94 92 95 62 74 14 93 90 67 99 0 74 12 3 99 20 84 53 60 66 18 46 22 57 86 97 97 100 69 14 59 27 32 87 91 50 39 71 25 18 45 2 21 15 2 98 95 92 79 3 97 72 73 38 17 92 49 18 52 24 76 25 49 91 25 21 34 13 96 49 94 28 40 33 98 67 44 92 11 87 67 5 99 43 34 49 32 97 60 96 39 80 21 76 86 46 83 40 81 
82 45 79 68 19 10 82 74 67 29 65 74 0 98 3 66 81 30 97 33 64 97 43 86 63 21 49 100 94 9 51 57 16 43 28 88 92 70 82 98 86 36 96 97 78 3 44 49 19 69 16 65 57 31 2 95 97 14 70 32 2 29 57 83 99 65 6 53 90 50 91 19 22 58 100 18 28 29 86 30 66 48 2 44 65 76 51 66 33 58 7 47 15 41 38 31 90 33 6 38 
53 21 54 10 68 80 24 59 71 94 45 12 98 0 67 48 99 14 30 20 92 55 80 42 58 52 79 56 36 35 6 77 28 76 11 5 94 26 36 100 80 82 43 39 30 94 66 75 64 37 65 42 88 49 66 33 84 98 3 88 48 64 33 89 24 83 65 10 63 73 62 48 4 48 6 26 42 21 4 69 34 47 39 93 44 100 83 19 18 10 9 66 76 67 18 48 59 100 86 87 
91 63 55 10 16 91 21 25 44 11 54 3 3 67 0 53 41 33 29 23 95 93 63 91 78 57 36 66 11 33 6 51 48 45 13 33 46 17 13 14 12 1 2 32 17 9 72 68 72 29 26 68 99 39 63 88 65 47 67 89 3 74 79 88 80 23 9 93 3 11 55 25 14 11 22 55 1 20 69 93 43 79 91 48 11 62 81 76 83 53 7 51 11 29 40 40 87 3 26 39 
94 43 10 21 35 20 16 56 28 94 90 99 66 48 53 0 10 3 65 79 64 49 91 3 87 45 47 99 99 17 7 90 84 24 75 66 33 8 33 59 66 63 73 95 26 52 77 91 24 65 70 63 64 72 71 66 58 18 80 38 66 81 67 91 29 22 19 47 32 40 72 12 80 9 97 2 39 39 6 1 26 87 65 8 88 17 29 52 2 33 72 1 15 19 10 13 10 85 12 51 
75 66 41 87 88 28 48 26 94 95 88 20 81 99 41 10 0 71 92 51 81 86 75 100 66 17 57 74 62 14 100 87 50 24 88 93 59 55 27 28 51 33 74 89 9 24 37 97 72 93 25 58 87 14 93 67 64 100 48 86 60 54 79 2 78 9 29 23 27 35 17 26 63 17 85 24 40 84 98 63 66 88 32 32 56 60 44 77 57 96 62 43 26 36 91 67 98 50 28 99 
81 18 63 87 21 66 56 86 80 20 63 84 30 14 33 3 71 0 25 98 30 26 81 28 18 71 39 79 27 13 22 93 33 90 34 64 6 11 42 16 43 57 48 77 75 8 40 90 98 99 50 37 28 67 25 70 74 14 98 86 52 97 54 18 60 24 89 60 70 16 13 79 82 72 44 6 77 25 25 30 56 89 96 75 32 67 33 17 24 42 60 13 46 57 21 74 42 21 86 1 
89 50 67 96 77 76 80 17 29 86 78 53 97 30 29 65 92 25 0 75 57 96 29 42 20 31 61 58 97 46 90 13 96 54 1 86 74 49 61 91 57 8 81 69 61 26 9 98 48 21 16 36 34 21 98 47 28 88 93 37 9 59 13 63 9 88 54 35 4 9 50 46 7 67 68 33 3 9 81 89 37 99 71 51 76 98 24 49 69 61 64 68 14 48 10 35 47 10 16 76 
100 68 44 28 74 93 63 2 62 50 39 60 33 20 23 79 51 98 75 0 47 96 62 9 13 29 5 5 99 91 48 29 56 79 4 89 33 57 61 14 57 70 81 31 26 85 62 75 79 13 79 45 83 96 16 34 59 62 15 61 57 79 12 99 68 55 54 78 74 50 21 64 65 32 79 32 61 2 45 47 61 33 73 78 55 30 73 61 10 34 12 95 98 87 76 27 88 89 48 66 
25 38 11 91 59 100 39 70 75 35 39 66 64 92 95 64 81 30 57 47 0 16 11 41 37 85 35 32 71 77 97 90 65 58 23 22 73 56 22 55 1 59 70 87 41 55 82 98 4 4 45 83 98 9 80 36 34 99 34 68 54 46 86 35 78 79 87 68 16 5 25 7 17 76 92 95 9 77 90 15 100 84 69 41 74 20 27 90 7 19 7 59 55 100 70 76 24 89 49 31 
62 44 8 47 44 38 4 64 65 13 61 18 97 55 93 49 86 26 96 96 16 0 26 44 44 82 54 11 72 61 75 78 5 41 50 45 75 49 25 31 23 34 89 42 64 87 64 89 65 96 7 95 77 34 78 39 40 15 54 2 27 91 16 5 55 39 33 61 29 20 74 9 14 51 82 25 80 83 32 19 97 85 90 91 72 38 6 100 29 40 86 26 27 90 17 51 16 88 54 30 
25 2 41 95 66 1 92 93 21 69 91 46 43 80 63 91 75 81 29 62 11 26 0 25 13 94 10 99 55 92 87 36 100 97 79 60 89 84 17 36 53 77 44 23 88 90 55 32 19 35 22 93 98 54 72 26 12 31 13 11 69 96 5 77 79 82 62 10 20 33 2 48 59 25 87 74 1 34 76 33 80 66 61 98 61 63 40 16 42 54 82 54 3 99 40 29 28 45 83 39 
34 42 39 55 14 12 47 60 88 16 24 22 86 42 91 3 100 28 42 9 41 44 25 0 58 60 54 99 5 67 16 37 66 19 78 86 57 21 39 54 34 4 64 64 92 18 24 84 59 80 29 59 98 57 80 18 38 72 44 66 40 92 20 35 32 21 13 52 98 80 97 76 96 21 13 37 79 48 77 28 42 85 39 8 53 61 17 33 9 93 33 66 58 76 100 25 33 72 16 46 
12 75 64 22 92 58 41 89 30 2 23 57 63 58 78 87 66 18 20 13 37 44 13 58 0 98 73 53 28 5 100 89 36 8 40 25 71 18 15 82 96 35 39 46 56 56 65 48 33 66 94 98 88 56 18 61 3 11 80 55 38 34 27 61 72 74 34 72 63 44 31 4 65 37 28 76 35 17 87 14 12 33 15 32 30 12 81 30 70 14 4 69 25 31 12 79 48 11 73 65 
2 59 23 47 2 68 80 21 32 25 77 86 21 52 57 45 17 71 31 29 85 82 94 60 98 0 66 45 75 53 47 10 46 38 100 76 75 64 27 52 16 11 59 91 62 71 96 18 61 63 90 64 22 47 54 26 84 82 18 28 44 67 99 36 92 34 87 48 26 68 19 9 41 76 18 72 34 60 38 97 80 43 61 5 76 17 20 34 89 36 57 75 81 24 48 7 13 36 56 44 
13 74 40 73 100 68 59 95 90 22 94 97 49 79 36 47 57 39 61 5 35 54 10 54 73 66 0 44 61 23 42 16 58 78 27 40 96 81 38 28 75 18 100 95 79 76 56 68 49 18 69 39 12 78 51 77 34 82 1 33 40 28 47 41 94 49 25 93 27 91 31 5 88 72 8 58 4 52 18 83 73 21 34 52 99 94 13 26 75 95 11 69 79 20 97 22 28 83 72 39 
48 3 93 35 77 54 6 18 69 2 28 97 100 56 66 99 74 79 58 5 32 11 99 99 53 45 44 0 30 65 73 12 30 23 31 98 96 65 33 22 47 12 69 39 65 47 86 77 51 88 69 34 34 12 98 1 52 30 55 93 49 86 71 42 27 5 21 88 97 65 33 23 43 69 90 24 71 89 33 3 2 5 94 45 55 54 48 55 68 74 100 85 78 20 59 49 46 5 56 63 
54 15 34 77 21 77 7 81 95 26 71 100 94 36 11 99 62 27 97 99 71 72 55 5 28 75 61 30 0 73 65 39 72 53 39 46 9 23 76 16 34 32 5 8 70 31 72 82 10 30 63 59 5 2 5 26 64 70 56 30 37 56 48 26 69 79 52 82 96 65 28 23 25 38 82 60 15 97 92 75 3 36 57 10 38 72 74 50 12 91 70 4 89 73 94 65 52 10 42 56 
75 76 35 64 94 4 89 40 69 3 87 69 9 35 33 17 14 13 46 91 77 61 92 67 5 53 23 65 73 0 42 6 59 83 11 14 32 79 42 78 87 84 95 53 34 45 2 55 50 9 2 97 15 9 43 47 33 70 35 59 52 64 4 66 71 28 86 8 66 39 96 8 37 1 7 74 17 4 20 37 76 49 74 48 1 18 50 17 17 14 52 15 94 56 17 76 95 7 1 71 
51 29 9 43 6 73 32 97 38 54 27 14 51 6 6 7 100 22 90 48 97 75 87 16 100 47 42 73 65 42 0 42 15 99 26 25 47 31 11 90 39 86 72 58 74 34 87 64 30 87 9 32 100 78 1 99 45 39 47 70 20 44 25 89 11 63 48 18 52 72 95 55 79 77 26 47 60 37 47 21 80 100 81 77 64 89 81 14 86 78 85 68 45 54 95 92 22 20 73 67 
35 88 11 40 72 53 41 43 65 46 11 59 57 77 51 90 87 93 13 29 90 78 36 37 89 10 16 12 39 6 42 0 11 21 88 49 19 68 36 74 52 44 44 33 30 73 60 55 28 87 28 58 88 25 59 18 11 78 42 16 74 98 11 19 54 24 81 95 47 98 50 59 37 67 58 62 15 46 49 38 62 79 89 98 53 94 6 31 45 69 35 30 53 4 49 15 97 30 78 45 
72 45 8 12 9 67 26 75 93 72 2 27 16 28 48 84 50 33 96 56 65 5 100 66 36 46 58 30 72 59 15 11 0 1 87 68 60 83 80 37 83 92 35 23 77 46 21 72 23 19 82 65 62 65 28 21 5 58 53 81 25 58 21 97 63 77 12 60 50 94 49 100 87 23 54 35 5 87 85 74 31 59 12 17 2 95 4 17 59 64 33 22 37 55 31 8 100 77 5 70 
94 72 34 18 14 78 45 100 33 25 98 32 43 76 45 24 24 90 54 79 58 41 97 19 8 38 78 23 53 83 99 21 1 0 77 16 94 88 34 50 71 26 53 29 83 95 16 75 3 62 43 87 92 29 78 70 85 79 64 48 61 4 56 17 86 22 98 45 56 65 72 82 5 36 20 29 92 80 88 11 56 67 24 60 29 42 86 75 86 56 92 59 70 93 32 97 21 61 18 7 
52 17 19 89 34 92 72 71 26 25 32 87 28 11 13 75 88 34 1 4 23 50 79 78 40 100 27 31 39 11 26 88 87 77 0 62 82 79 66 2 10 37 23 78 21 19 81 77 31 61 23 40 46 81 48 43 32 78 51 18 32 57 93 98 30 4 74 80 69 16 40 85 53 81 25 33 72 11 19 49 28 6 48 11 81 2 9 48 82 17 77 48 80 27 43 97 90 29 15 73 
97 91 88 40 36 32 11 78 5 51 95 91 88 5 33 66 93 64 86 89 22 45 60 86 25 76 40 98 46 14 25 49 68 16 62 0 91 86 59 4 58 28 80 8 51 91 82 11 50 64 30 49 17 94 63 13 69 87 74 71 74 53 65 42 52 80 24 47 96 31 9 18 69 8 67 63 90 16 14 27 94 7 45 1 2 24 62 80 17 38 80 26 12 83 19 86 22 75 43 54 
38 5 46 98 74 14 58 62 72 71 13 50 92 94 46 33 59 6 74 33 73 75 89 57 71 75 96 96 9 32 47 19 60 94 82 91 0 23 72 72 93 29 63 44 55 87 18 93 72 63 20 77 30 32 43 56 6 46 85 80 74 21 39 84 49 100 2 52 58 77 3 63 51 92 24 87 96 94 22 64 33 72 77 95 5 27 44 99 81 15 46 50 38 81 34 62 56 36 54 17 
85 40 3 46 55 97 27 9 93 23 63 39 70 26 17 8 55 11 49 57 56 49 84 21 18 64 81 65 23 79 31 68 83 88 79 86 23 0 14 86 46 16 84 87 49 91 70 23 10 85 26 41 39 33 11 24 28 67 31 91 41 40 97 32 82 74 45 6 33 20 24 43 4 29 4 56 47 61 28 61 50 90 18 4 67 20 69 22 87 41 84 1 4 12 52 47 88 90 64 50 
73 62 41 81 32 15 5 57 62 32 97 71 82 36 13 33 27 42 61 61 22 25 17 39 15 27 38 33 76 42 11 36 80 34 66 59 72 14 0 36 33 50 49 89 23 32 32 13 2 92 76 42 78 34 26 27 11 12 46 6 58 8 58 56 56 52 95 32 59 90 10 97 35 9 11 99 31 56 9 8 36 91 95 89 70 30 25 9 17 100 53 86 6 52 98 57 34 82 87 15 
70 53 85 53 41 9 16 70 77 29 72 25 98 100 14 59 28 16 91 14 55 31 36 54 82 52 28 22 16 78 90 74 37 50 2 4 72 86 36 0 4 31 12 25 52 20 43 5 21 20 14 96 11 75 39 59 22 20 36 25 7 22 91 7 24 26 70 56 5 39 52 26 61 49 25 51 97 55 89 27 39 15 49 11 33 79 75 5 22 92 92 33 25 46 27 34 69 10 16 45 
59 14 36 91 19 96 70 21 50 66 31 18 86 80 12 66 51 43 57 57 1 23 53 34 96 16 75 47 34 87 39 52 83 71 10 58 93 46 33 4 0 36 12 53 86 4 28 30 84 94 99 36 63 77 88 52 32 35 5 17 26 74 89 89 8 59 73 83 24 68 45 88 7 69 69 32 47 41 96 51 36 63 100 65 63 91 81 91 99 50 84 45 48 66 30 98 8 80 1 33 
6 97 92 17 26 7 18 73 55 8 3 45 36 82 1 63 33 57 8 70 59 34 77 4 35 11 18 12 32 84 86 44 92 26 37 28 29 16 50 31 36 0 22 73 95 95 84 18 36 75 21 83 74 93 94 4 14 21 69 39 90 11 28 89 19 70 36 12 62 23 59 8 94 99 10 17 61 32 7 53 78 1 59 29 31 54 69 37 64 1 98 86 22 94 100 91 74 13 3 42 
40 4 88 32 32 82 77 35 63 21 89 2 96 43 2 73 74 48 81 81 70 89 44 64 39 59 100 69 5 95 72 44 35 53 23 80 63 84 49 12 12 22 0 98 75 66 26 13 99 36 70 66 11 46 57 71 34 69 84 100 72 39 92 53 61 91 1 69 5 87 41 45 96 75 57 18 76 1 93 46 70 72 63 11 27 87 74 52 73 23 28 21 39 90 99 8 34 34 85 13 
14 97 78 85 90 6 98 28 56 17 34 21 97 39 32 95 89 77 69 31 87 42 23 64 46 91 95 39 8 53 58 33 23 29 78 8 44 87 89 25 53 73 98 0 6 54 7 85 49 25 48 57 24 23 79 83 90 79 25 90 24 89 81 1 98 2 55 22 43 88 85 61 58 52 64 95 15 81 80 78 98 56 66 28 70 92 46 94 4 96 40 68 66 16 60 7 62 12 74 63 
35 27 46 27 95 45 96 48 62 15 33 15 78 30 17 26 9 75 61 26 41 64 88 92 56 62 79 65 70 34 74 30 77 83 21 51 55 49 23 52 86 95 75 6 0 14 24 34 67 40 100 27 79 47 86 84 64 48 76 75 5 49 33 17 43 34 16 53 74 88 65 52 92 51 45 20 22 72 50 52 42 25 28 66 37 12 40 74 91 95 100 11 9 91 50 46 82 51 61 48 
97 28 51 20 49 91 21 25 44 55 67 2 3 94 9 52 24 8 26 85 55 87 90 18 56 71 76 47 31 45 34 73 46 95 19 91 87 91 32 20 4 95 66 54 14 0 11 20 87 2 30 44 47 87 4 40 28 21 19 7 92 91 24 49 92 10 64 37 32 8 33 14 21 55 72 82 86 34 54 66 23 63 67 7 75 39 89 97 54 22 61 75 1 71 7 97 42 8 69 82 
22 14 45 89 63 22 38 82 28 21 41 98 44 66 72 77 37 40 9 62 82 64 55 24 65 96 56 86 72 2 87 60 21 16 81 82 18 70 32 43 28 84 26 7 24 11 0 65 79 96 93 89 1 48 42 76 44 52 15 87 98 26 52 100 8 86 68 80 80 75 86 1 19 26 1 49 28 11 36 15 81 13 53 85 3 44 96 21 56 93 8 71 82 57 99 27 35 5 4 38 
46 4 2 29 60 10 11 62 87 81 34 95 49 75 68 91 97 90 98 75 98 89 32 84 48 18 68 77 82 55 64 55 72 75 77 11 93 23 13 5 30 18 13 85 34 20 65 0 82 89 3 84 48 63 25 88 26 51 44 4 84 93 32 64 45 36 82 47 79 60 87 94 86 68 7 67 54 6 95 36 18 9 87 35 57 19 63 55 88 100 10 3 50 63 99 100 27 80 100 27 
31 9 100 34 68 12 73 46 12 87 37 92 19 64 72 24 72 98 48 79 4 65 19 59 33 61 49 51 10 50 30 28 23 3 31 50 72 10 2 21 84 36 99 49 67 87 79 82 0 3 45 11 69 40 100 64 32 24 29 54 19 47 53 65 22 58 28 100 88 18 21 83 43 26 41 30 71 46 39 50 45 94 72 2 19 13 70 71 46 46 10 56 34 92 75 25 45 45 66 66 
81 80 80 17 7 45 89 15 98 19 63 79 69 37 29 65 93 99 21 13 4 96 35 80 66 63 18 88 30 9 87 87 19 62 61 64 63 85 92 20 94 75 36 25 40 2 96 89 3 0 53 30 10 100 68 78 36 73 30 85 78 96 56 22 68 12 81 83 100 95 57 77 25 98 100 32 12 58 93 29 65 40 96 62 20 49 39 4 74 17 47 36 91 87 40 19 72 18 63 52 
42 67 19 94 95 34 33 11 98 95 53 3 16 65 26 70 25 50 16 79 45 7 22 29 94 90 69 69 63 2 9 28 82 43 23 30 20 26 76 14 99 21 70 48 100 30 93 3 45 53 0 78 38 33 52 86 23 4 53 74 54 6 26 5 59 63 32 56 78 49 3 17 57 89 64 35 94 91 39 5 67 50 60 75 30 28 43 34 90 74 30 42 29 18 20 45 54 47 58 20 
44 73 59 69 43 25 29 55 22 43 31 97 65 42 68 63 58 37 36 45 83 95 93 59 98 64 39 34 59 97 32 58 65 87 40 49 77 41 42 96 36 83 66 57 27 44 89 84 11 30 78 0 56 18 45 26 39 77 99 46 3 74 3 17 37 1 44 58 66 42 52 49 71 53 10 18 97 3 28 32 93 90 24 2 90 90 6 79 85 47 63 7 10 21 65 67 68 75 92 2 
16 82 84 34 31 27 73 68 23 7 65 72 57 88 99 64 87 28 34 83 98 77 98 98 88 22 12 34 5 15 100 88 62 92 46 17 30 39 78 11 63 74 11 24 79 47 1 48 69 10 38 56 0 38 14 70 13 39 20 48 24 70 41 23 20 71 38 79 69 37 20 6 74 13 70 67 22 76 58 39 58 30 35 90 93 93 83 23 84 72 64 91 31 8 98 27 35 74 10 91 
29 94 60 55 79 100 100 76 68 34 28 73 31 49 39 72 14 67 21 96 9 34 54 57 56 47 78 12 2 9 78 25 65 29 81 94 32 33 34 75 77 93 46 23 47 87 48 63 40 100 33 18 38 0 40 3 5 42 6 57 24 85 63 87 73 39 15 57 81 15 62 33 86 54 92 74 69 59 89 15 62 47 53 6 21 95 35 2 84 73 20 53 73 4 72 85 75 71 15 7 
4 45 34 46 47 24 8 7 90 34 76 38 2 66 63 71 93 25 98 16 80 78 72 80 18 54 51 98 5 43 1 59 28 78 48 63 43 11 26 39 88 94 57 79 86 4 42 25 100 68 52 45 14 40 0 33 93 38 100 70 86 62 24 97 39 90 53 20 60 54 55 61 66 6 40 85 87 7 39 66 73 29 60 62 37 72 26 57 98 17 33 52 77 42 56 39 94 37 46 89 
64 94 8 1 65 50 55 43 79 3 39 17 95 33 88 66 67 70 47 34 36 39 26 18 61 26 77 1 26 47 99 18 21 70 43 13 56 24 27 59 52 4 71 83 84 40 76 88 64 78 86 26 70 3 33 0 61 72 47 67 94 83 38 10 4 4 88 2 60 93 22 19 48 20 31 7 95 18 83 12 24 2 87 70 36 13 54 42 31 47 67 15 6 17 39 5 88 99 21 51 
64 90 47 86 100 26 10 62 1 91 28 92 97 84 65 58 64 74 28 59 34 40 12 38 3 84 34 52 64 33 45 11 5 85 32 69 6 28 11 22 32 14 34 90 64 28 44 26 32 36 23 39 13 5 93 61 0 6 68 33 47 78 84 60 8 5 47 85 41 97 25 42 93 96 64 16 96 46 7 78 39 29 80 75 90 57 43 81 47 46 46 90 85 15 2 80 62 80 51 32 
100 5 65 77 62 44 12 17 15 85 15 49 14 98 47 18 100 14 88 62 99 15 31 72 11 82 82 30 70 70 39 78 58 79 78 87 46 67 12 20 35 21 69 79 48 21 52 51 24 73 4 77 39 42 38 72 6 0 35 85 75 26 82 80 62 77 23 12 43 86 81 93 47 27 13 80 26 71 71 61 73 81 90 28 94 29 63 53 85 21 23 39 58 90 45 40 68 93 81 90 
55 35 66 5 42 87 51 42 98 65 77 18 70 3 67 80 48 98 93 15 34 54 13 44 80 18 1 55 56 35 47 42 53 64 51 74 85 31 46 36 5 69 84 25 76 19 15 44 29 30 53 99 20 6 100 47 68 35 0 66 59 32 94 57 56 51 66 9 39 57 17 37 87 80 41 21 48 72 78 43 87 91 11 53 12 94 48 39 16 46 22 71 88 18 63 99 10 32 17 78 
35 99 51 44 71 22 70 36 27 57 86 52 32 88 89 38 86 86 37 61 68 2 11 66 55 28 33 93 30 59 70 16 81 48 18 71 80 91 6 25 17 39 100 90 75 7 87 4 54 85 74 46 48 57 70 67 33 85 66 0 51 67 85 69 72 58 66 5 67 30 1 100 96 10 9 63 54 43 61 95 35 48 36 69 21 21 69 13 67 28 25 51 12 34 14 7 13 86 14 33 
93 32 82 45 76 84 8 67 69 97 7 24 2 48 3 66 60 52 9 57 54 27 69 40 38 44 40 49 37 52 20 74 25 61 32 74 74 41 58 7 26 90 72 24 5 92 98 84 19 78 54 3 24 24 86 94 47 75 59 51 0 96 30 25 29 98 88 91 19 62 37 9 89 74 30 47 32 71 93 64 17 35 32 6 68 67 99 73 77 51 81 46 84 60 10 81 76 8 19 24 
74 94 80 45 41 48 15 96 61 9 42 76 29 64 74 81 54 97 59 79 46 91 96 92 34 67 28 86 56 64 44 98 58 4 57 53 21 40 8 22 74 11 39 89 49 91 26 93 47 96 6 74 70 85 62 83 78 26 32 67 96 0 51 77 66 87 1 44 72 32 11 58 1 57 37 44 82 13 62 14 49 86 9 84 58 37 56 81 29 20 36 49 10 4 62 8 91 57 67 17 
51 88 44 30 89 97 70 4 45 93 36 25 57 33 79 67 79 54 13 12 86 16 5 20 27 99 47 71 48 4 25 11 21 56 93 65 39 97 58 91 89 28 92 81 33 24 52 32 53 56 26 3 41 63 24 38 84 82 94 85 30 51 0 41 53 68 72 47 71 69 99 58 33 71 63 64 88 59 22 92 93 43 59 9 18 76 72 68 97 55 65 59 7 28 47 13 94 9 98 97 
37 98 63 6 20 66 64 68 5 72 56 49 83 89 88 91 2 18 63 99 35 5 77 35 61 36 41 42 26 66 89 19 97 17 98 42 84 32 56 7 89 89 53 1 17 49 100 64 65 22 5 17 23 87 97 10 60 80 57 69 25 77 41 0 75 84 69 8 25 37 77 26 44 22 4 94 98 46 15 35 5 16 56 42 42 10 8 68 59 52 5 75 1 78 33 48 15 16 22 42 
93 59 88 60 82 79 98 34 23 90 60 91 99 24 80 29 78 60 9 68 78 55 79 32 72 92 94 27 69 71 11 54 63 86 30 52 49 82 56 24 8 19 61 98 43 92 8 45 22 68 59 37 20 73 39 4 8 62 56 72 29 66 53 75 0 52 69 69 7 60 64 11 96 64 86 88 66 83 43 86 78 53 70 80 22 74 19 56 12 58 68 33 49 26 17 18 1 69 58 96 
3 61 5 67 45 25 17 97 45 2 29 25 65 83 23 22 9 24 88 55 79 39 82 21 74 34 49 5 79 28 63 24 77 22 4 80 100 74 52 26 59 70 91 2 34 10 86 36 58 12 63 1 71 39 90 4 5 77 51 58 98 87 68 84 52 0 65 86 95 33 44 79 60 70 97 29 25 43 32 72 83 10 93 34 62 80 20 19 29 16 91 5 44 26 47 7 22 62 43 30 
44 83 55 38 7 97 64 16 12 5 9 21 6 65 9 19 29 89 54 54 87 33 62 13 34 87 25 21 52 86 48 81 12 98 74 24 2 45 95 70 73 36 1 55 16 64 68 82 28 81 32 44 38 15 53 88 47 23 66 66 88 1 72 69 69 65 0 30 67 11 82 78 52 57 87 97 18 64 52 23 81 39 64 16 74 56 64 53 74 29 87 15 60 51 19 54 87 90 5 92 
87 49 36 100 83 1 9 60 55 14 84 34 53 10 93 47 23 60 35 78 68 61 10 52 72 48 93 88 82 8 18 95 60 45 80 47 52 6 32 56 83 12 69 22 53 37 80 47 100 83 56 58 79 57 20 2 85 12 9 5 91 44 47 8 69 86 30 0 13 77 57 73 77 87 5 49 30 58 10 55 97 76 35 72 3 78 29 28 12 81 19 69 7 79 87 51 75 28 30 55 
42 25 99 60 94 94 33 12 51 16 89 13 90 63 3 32 27 70 4 74 16 29 20 98 63 26 27 97 96 66 52 47 50 56 69 96 58 33 59 5 24 62 5 43 74 32 80 79 88 100 78 66 69 81 60 60 41 43 39 67 19 72 71 25 7 95 67 13 0 1 36 10 22 92 13 13 87 14 25 84 66 14 60 68 1 78 26 70 84 76 7 15 58 48 51 9 66 36 92 49 
20 36 24 89 58 97 85 43 56 83 31 96 50 73 11 40 35 16 9 50 5 20 33 80 44 68 91 65 65 39 72 98 94 65 16 31 77 20 90 39 68 23 87 88 88 8 75 60 18 95 49 42 37 15 54 93 97 86 57 30 62 32 69 37 60 33 11 77 1 0 84 74 48 88 44 87 54 85 33 59 79 51 52 4 50 75 49 87 78 19 7 41 22 75 48 28 25 41 24 25 
55 15 41 75 73 67 49 97 32 10 16 49 91 62 55 72 17 13 50 21 25 74 2 97 31 19 31 33 28 96 95 50 49 72 40 9 3 24 10 52 45 59 41 85 65 33 86 87 21 57 3 52 20 62 55 22 25 81 17 1 37 11 99 77 64 44 82 57 36 84 0 42 67 86 24 53 33 62 19 29 52 6 1 12 83 19 92 34 94 95 29 84 89 35 82 70 36 48 23 48 
64 45 82 58 24 14 36 95 85 70 6 94 19 48 25 12 26 79 46 64 7 9 48 76 4 9 5 23 23 8 55 59 100 82 85 18 63 43 97 26 88 8 45 61 52 14 1 94 83 77 17 49 6 33 61 19 42 93 37 100 9 58 58 26 11 79 78 73 10 74 42 0 32 6 49 41 88 58 20 40 98 88 65 99 100 79 95 50 89 92 70 77 29 99 65 97 5 34 49 67 
79 8 65 21 28 24 74 17 47 34 55 28 22 4 14 80 63 82 7 65 17 14 59 96 65 41 88 43 25 37 79 37 87 5 53 69 51 4 35 61 7 94 96 58 92 21 19 86 43 25 57 71 74 86 66 48 93 47 87 96 89 1 33 44 96 60 52 77 22 48 67 32 0 94 60 3 50 10 5 88 51 9 83 71 45 55 29 41 73 11 57 52 21 28 8 18 94 18 60 44 
16 10 83 81 29 67 42 46 46 2 14 40 58 48 11 9 17 72 67 32 76 51 25 21 37 76 72 69 38 1 77 67 23 36 81 8 92 29 9 49 69 99 75 52 51 55 26 68 26 98 89 53 13 54 6 20 96 27 80 10 74 57 71 22 64 70 57 87 92 88 86 6 94 0 97 63 91 81 31 62 100 12 46 97 75 100 40 76 55 54 35 95 44 38 72 26 89 70 65 72 
32 20 34 69 59 90 51 9 74 54 48 33 100 6 22 97 85 44 68 79 92 82 87 13 28 18 8 90 82 7 26 58 54 20 25 67 24 4 11 25 69 10 57 64 45 72 1 7 41 100 64 10 70 92 40 31 64 13 41 9 30 37 63 4 86 97 87 5 13 44 24 49 60 97 0 45 87 39 86 50 45 85 79 62 40 93 5 84 68 37 88 19 68 66 21 45 16 68 1 86 
54 98 60 8 70 96 7 12 27 18 5 98 18 26 55 2 24 6 33 32 95 25 74 37 76 72 58 24 60 74 47 62 35 29 33 63 87 56 99 51 32 17 18 95 20 82 49 67 30 32 35 18 67 74 85 7 16 80 21 63 47 44 64 94 88 29 97 49 13 87 53 41 3 63 45 0 97 44 9 66 2 90 4 88 39 51 74 78 63 15 68 34 71 45 40 92 21 87 67 57 
99 42 95 82 29 90 45 48 32 91 85 67 28 42 1 39 40 77 3 61 9 80 1 79 35 34 4 71 15 17 60 15 5 92 72 90 96 47 31 97 47 61 76 15 22 86 28 54 71 12 94 97 22 69 87 95 96 26 48 54 32 82 88 98 66 25 18 30 87 54 33 88 50 91 87 97 0 21 48 40 2 15 83 64 68 26 58 19 70 69 25 98 83 51 41 69 80 94 86 67 
63 71 26 4 55 59 63 52 79 68 96 44 29 21 20 39 84 25 9 2 77 83 34 48 17 60 52 89 97 4 37 46 87 80 11 16 94 61 56 55 41 32 1 81 72 34 11 6 46 58 91 3 76 59 7 18 46 71 72 43 71 13 59 46 83 43 64 58 14 85 62 58 10 81 39 44 21 0 52 78 35 90 23 85 49 68 15 88 11 29 99 94 18 76 100 83 66 2 39 76 
11 100 61 25 37 4 62 11 79 47 69 92 86 4 69 6 98 25 81 45 90 32 76 77 87 38 18 33 92 20 47 49 85 88 19 14 22 28 9 89 96 7 93 80 50 54 36 95 39 93 39 28 58 89 39 83 7 71 78 61 93 62 22 15 43 32 52 10 25 33 19 20 5 31 86 9 48 52 0 17 68 83 10 21 100 13 7 87 27 13 35 63 75 28 44 67 13 32 27 69 
34 49 28 79 88 69 85 30 45 15 85 11 30 69 93 1 63 30 89 47 15 19 33 28 14 97 83 3 75 37 21 38 74 11 49 27 64 61 8 27 51 53 46 78 52 66 15 36 50 29 5 32 39 15 66 12 78 61 43 95 64 14 92 35 86 72 23 55 84 59 29 40 88 62 50 66 40 78 17 0 72 64 98 84 73 36 82 11 52 68 17 86 69 51 86 96 67 34 61 94 
93 53 11 38 80 30 24 46 62 20 60 87 66 34 43 26 66 56 37 61 100 97 80 42 12 80 73 2 3 76 80 62 31 56 28 94 33 50 36 39 36 78 70 98 42 23 81 18 45 65 67 93 58 62 73 24 39 73 87 35 17 49 93 5 78 83 81 97 66 79 52 98 51 100 45 2 2 35 68 72 0 68 90 24 35 45 29 88 7 96 16 43 53 21 98 52 23 81 5 6 
15 63 24 12 74 39 13 3 51 19 48 67 48 47 79 87 88 89 99 33 84 85 66 85 33 43 21 5 36 49 100 79 59 67 6 7 72 90 91 15 63 1 72 56 25 63 13 9 94 40 50 90 30 47 29 2 29 81 91 48 35 86 43 16 53 10 39 76 14 51 6 88 9 12 85 90 15 90 83 64 68 0 18 10 6 97 93 13 85 49 59 18 22 23 95 51 21 78 73 23 
5 57 7 17 52 4 19 91 57 61 39 5 2 39 91 65 32 96 71 73 69 90 61 39 15 61 34 94 57 74 81 89 12 24 48 45 77 18 95 49 100 59 63 66 28 67 53 87 72 96 60 24 35 53 60 87 80 90 11 36 32 9 59 56 70 93 64 35 60 52 1 65 83 46 79 4 83 23 10 98 90 18 0 24 64 86 29 12 49 45 53 66 57 79 68 75 55 46 91 45 
42 73 50 3 54 16 2 1 51 80 74 99 44 93 48 8 32 75 51 78 41 91 98 8 32 5 52 45 10 48 77 98 17 60 11 1 95 4 89 11 65 29 11 28 66 7 85 35 2 62 75 2 90 6 62 70 75 28 53 69 6 84 9 42 80 34 16 72 68 4 12 99 71 97 62 88 64 85 21 84 24 10 24 0 66 22 28 51 26 4 30 78 82 9 92 100 14 26 61 74 
89 25 75 92 98 26 23 78 26 66 63 43 65 44 11 88 56 32 76 55 74 72 61 53 30 76 99 55 38 1 64 53 2 29 81 2 5 67 70 33 63 31 27 70 37 75 3 57 19 20 30 90 93 21 37 36 90 94 12 21 68 58 18 42 22 62 74 3 1 50 83 100 45 75 40 39 68 49 100 73 35 6 64 66 0 37 100 15 42 28 93 51 75 89 11 43 85 10 4 96 
98 72 72 17 45 1 82 84 40 6 46 34 76 100 62 17 60 67 98 30 20 38 63 61 12 17 94 54 72 18 89 94 95 42 2 24 27 20 30 79 91 54 87 92 12 39 44 19 13 49 28 90 93 95 72 13 57 29 94 21 67 37 76 10 74 80 56 78 78 75 19 79 55 100 93 51 26 68 13 36 45 97 86 22 37 0 24 3 21 17 87 2 57 89 41 48 68 8 15 77 
29 50 29 14 9 75 33 56 100 55 79 49 51 83 81 29 44 33 24 73 27 6 40 17 81 20 13 48 74 50 81 6 4 86 9 62 44 69 25 75 81 69 74 46 40 89 96 63 70 39 43 6 83 35 26 54 43 63 48 69 99 56 72 8 19 20 64 29 26 49 92 95 29 40 5 74 58 15 7 82 29 93 29 28 100 24 0 57 85 26 84 66 74 79 13 27 1 93 72 69 
35 35 100 10 68 26 91 61 75 6 15 32 66 19 76 52 77 17 49 61 90 100 16 33 30 34 26 55 50 17 14 31 17 75 48 80 99 22 9 5 91 37 52 94 74 97 21 55 71 4 34 79 23 2 57 42 81 53 39 13 73 81 68 68 56 19 53 28 70 87 34 50 41 76 84 78 19 88 87 11 88 13 12 51 15 3 57 0 89 99 8 61 54 14 98 30 2 3 92 45 
61 14 93 2 63 10 96 37 26 45 3 97 33 18 83 2 57 24 69 10 7 29 42 9 70 89 75 68 12 17 86 45 59 86 82 17 81 87 17 22 99 64 73 4 91 54 56 88 46 74 90 85 84 84 98 31 47 85 16 67 77 29 97 59 12 29 74 12 84 78 94 89 73 55 68 63 70 11 27 52 7 85 49 26 42 21 85 89 0 43 98 75 43 38 40 98 57 5 79 64 
85 48 58 79 90 69 22 87 93 60 6 60 58 10 53 33 96 42 61 34 19 40 54 93 14 36 95 74 91 14 78 69 64 56 17 38 15 41 100 92 50 1 23 96 95 22 93 100 46 17 74 47 72 73 17 47 46 21 46 28 51 20 55 52 58 16 29 81 76 19 95 92 11 54 37 15 69 29 13 68 96 49 45 4 28 17 26 99 43 0 96 50 92 87 74 95 9 13 75 38 
82 19 77 24 27 28 54 98 75 73 61 96 7 9 7 72 62 60 64 12 7 86 82 33 4 57 11 100 70 52 85 35 33 92 77 80 46 84 53 92 84 98 28 40 100 61 8 10 10 47 30 63 64 20 33 67 46 23 22 25 81 36 65 5 68 91 87 19 7 7 29 70 57 35 88 68 25 99 35 17 16 59 53 30 93 87 84 8 98 96 0 42 6 51 7 77 6 100 67 37 
32 71 100 82 25 5 20 54 24 84 29 39 47 66 51 1 43 13 68 95 59 26 54 66 69 75 69 85 4 15 68 30 22 59 48 26 50 1 86 33 45 86 21 68 11 75 71 3 56 36 42 7 91 53 52 15 90 39 71 51 46 49 59 75 33 5 15 69 15 41 84 77 52 95 19 34 98 94 63 86 43 18 66 78 51 2 66 61 75 50 42 0 43 59 13 45 68 13 78 31 
73 41 3 50 84 54 96 100 63 91 43 80 15 76 11 15 26 46 14 98 55 27 3 58 25 81 79 78 89 94 45 53 37 70 80 12 38 4 6 25 48 22 39 66 9 1 82 50 34 91 29 10 31 73 77 6 85 58 88 12 84 10 7 1 49 44 60 7 58 22 89 29 21 44 68 71 83 18 75 69 53 22 57 82 75 57 74 54 43 92 6 43 0 19 69 11 70 45 4 15 
38 60 73 60 79 69 47 84 80 39 74 21 41 67 29 19 36 57 48 87 100 90 99 76 31 24 20 20 73 56 54 4 55 93 27 83 81 12 52 46 66 94 90 16 91 71 57 63 92 87 18 21 8 4 42 17 15 90 18 34 60 4 28 78 26 26 51 79 48 75 35 99 28 38 66 45 51 76 28 51 21 23 79 9 89 89 79 14 38 87 51 59 19 0 70 61 80 35 87 23 
20 27 40 62 78 30 15 10 42 48 60 76 38 18 40 10 91 21 10 76 70 17 40 100 12 48 97 59 94 17 95 49 31 32 43 19 34 52 98 27 30 100 99 60 50 7 99 99 75 40 20 65 98 72 56 39 2 45 63 14 10 62 47 33 17 47 19 87 51 48 82 65 8 72 21 40 41 100 44 86 98 95 68 92 11 41 13 98 40 74 7 13 69 70 0 88 56 57 93 68 
81 77 94 99 60 14 99 19 59 71 3 86 31 48 40 13 67 74 35 27 76 51 29 25 79 7 22 49 65 76 92 15 8 97 97 86 62 47 57 34 98 91 8 7 46 97 27 100 25 19 45 67 27 85 39 5 80 40 99 7 81 8 13 48 18 7 54 51 9 28 70 97 18 26 45 92 69 83 67 96 52 51 75 100 43 48 27 30 98 95 77 45 11 61 88 0 7 24 82 83 
7 84 54 10 18 50 12 83 95 93 19 46 90 59 87 10 98 42 47 88 24 16 28 33 48 13 28 46 52 95 22 97 100 21 90 22 56 88 34 69 8 74 34 62 82 42 35 27 45 72 54 68 35 75 94 88 62 68 10 13 76 91 94 15 1 22 87 75 66 25 36 5 94 89 16 21 80 66 13 67 23 21 55 14 85 68 1 2 57 9 6 68 70 80 56 7 0 29 26 40 
92 6 35 18 67 33 15 24 81 82 23 83 33 100 3 85 50 21 10 89 89 88 45 72 11 36 83 5 10 7 20 30 77 61 29 75 36 90 82 10 80 13 34 12 51 8 5 80 45 18 47 75 74 71 37 99 80 93 32 86 8 57 9 16 69 62 90 28 36 41 48 34 18 70 68 87 94 2 32 34 81 78 46 26 10 8 93 3 5 13 100 13 45 35 57 24 29 0 44 78 
63 72 75 13 74 69 100 82 67 57 70 40 6 86 26 12 28 86 16 48 49 54 83 16 73 56 72 56 42 1 73 78 5 18 15 43 54 64 87 16 1 3 85 74 61 69 4 100 66 63 58 92 10 15 46 21 51 81 17 14 19 67 98 22 58 43 5 30 92 24 23 49 60 65 1 67 86 39 27 61 5 73 91 61 4 15 72 92 79 75 67 78 4 87 93 82 26 44 0 85 
36 97 64 95 18 60 20 59 21 94 99 81 38 87 39 51 99 1 76 66 31 30 39 46 65 44 39 63 56 71 67 45 70 7 73 54 17 50 15 45 33 42 13 63 48 82 38 27 66 52 20 2 91 7 89 51 32 90 78 33 24 17 97 42 96 30 92 55 49 25 48 67 44 72 86 57 67 76 69 94 6 23 45 74 96 77 69 45 64 38 37 31 15 23 68 83 40 78 85 0 
0 18 26 55 74 4 27 3 30 13 81 46 25 54 53 94 53 30 67 65 37 25 5 4 2 2 64 55 32 22 45 80 73 73 9 0 56 30 57 44 0 58 6 46 100 62 78 94 25 91 98 86 12 81 47 21 68 82 25 0 34 64 35 71 7 43 0 0 88 66 22 43 84 81 31 29 44 0 96 0 44 74 93 41 24 89 57 52 5 23 82 79 83 50 70 81 11 12 71 27 
0 0 69 87 26 39 0 16 36 49 6 7 1 29 35 90 55 96 52 15 84 97 61 88 9 2 46 88 0 90 83 54 96 49 20 82 37 66 20 80 0 29 63 71 81 24 19 60 53 87 47 100 6 90 83 82 0 76 0 0 76 30 77 14 28 67 0 0 49 56 16 32 10 15 2 9 81 0 0 0 36 23 13 36 77 78 31 86 96 17 77 48 6 61 29 98 36 43 22 13 
0 0 0 75 80 0 0 39 7 80 29 18 0 52 50 0 60 11 0 76 92 64 4 87 30 0 0 6 3 0 88 0 36 63 98 98 100 91 0 100 0 0 0 0 36 0 58 87 95 0 93 6 0 0 0 74 0 39 0 0 96 22 38 49 86 47 0 0 8 0 29 0 2 0 42 0 71 0 0 0 0 16 46 90 65 88 0 84 24 0 0 0 68 0 91 83 0 0 0 64 
0 0 0 0 43 0 0 7 90 0 84 0 0 36 39 0 69 69 0 16 0 0 61 0 100 0 0 75 47 0 32 0 85 64 72 6 71 26 0 64 0 0 0 94 39 0 2 88 38 0 29 100 0 0 0 77 0 0 0 0 36 57 41 32 24 89 0 0 4 0 18 0 60 0 68 0 83 0 0 0 0 12 25 18 26 82 0 59 18 0 0 0 30 0 0 86 0 0 0 77 
0 0 0 0 0 0 0 68 62 0 10 0 0 39 60 0 63 14 0 20 0 0 85 0 75 0 0 75 0 0 34 0 92 11 11 12 49 64 0 0 0 0 0 0 100 0 12 80 50 0 67 72 0 0 0 69 0 0 0 0 14 98 30 31 57 100 0 0 88 0 7 0 86 0 26 0 98 0 0 0 0 31 43 26 27 16 0 45 41 0 0 0 5 0 0 53 0 0 0 85 
0 0 0 0 0 0 0 30 41 95 95 57 0 64 26 0 68 74 79 85 73 26 83 81 97 0 94 3 61 0 82 0 76 10 15 38 39 2 0 28 0 25 51 75 95 0 43 33 4 0 77 92 95 100 69 30 0 32 0 0 50 39 61 56 95 35 0 0 19 0 74 0 40 0 83 0 100 0 0 0 0 22 47 45 86 44 9 98 90 0 81 0 5 0 51 74 0 83 42 4 
0 0 0 0 0 0 0 65 59 93 53 30 38 28 43 9 38 33 70 25 68 31 51 84 96 92 4 64 53 71 16 36 11 12 66 8 34 97 27 56 0 12 28 40 91 99 12 31 65 74 94 35 20 68 8 28 0 74 35 0 92 32 79 66 94 50 0 0 14 21 16 83 61 0 68 64 61 0 0 0 23 32 19 81 70 74 20 87 40 89 33 14 33 18 81 26 96 94 3 44 
0 0 0 0 0 0 0 0 68 0 73 0 0 37 44 0 11 19 0 24 0 0 0 0 44 0 0 24 0 0 0 0 85 90 39 0 0 61 0 84 0 0 0 49 83 0 29 17 0 0 67 55 0 0 0 64 0 0 0 0 0 89 0 1 99 49 0 0 23 0 45 0 8 0 36 0 0 0 0 0 0 62 79 4 0 45 0 0 48 0 0 0 2 0 0 0 0 0 0 86 
0 0 0 0 0 0 0 0 0 0 83 0 0 100 0 0 0 0 0 0 0 0 0 0 50 0 0 0 0 0 0 0 0 0 0 0 0 0 0 27 0 0 0 96 0 0 78 80 0 0 0 0 0 0 0 5 0 0 0 0 0 0 0 0 0 0 0 0 95 0 0 0 0 0 0 0 0 0 0 0 0 96 0 0 0 63 0 0 0 0 0 0 0 0 0 0 0 0 0 46 
0 0 0 0 0 0 0 0 0 0 86 0 0 51 5 0 63 64 0 67 0 0 69 29 78 0 0 40 90 0 50 0 50 85 67 47 89 1 0 43 0 0 0 89 95 0 68 17 69 0 56 68 0 0 0 18 0 12 0 0 50 88 98 83 48 35 0 0 56 0 69 0 75 0 69 0 15 0 0 0 0 92 58 96 67 31 0 57 76 0 0 0 46 0 39 16 0 0 0 60 
0 0 0 0 0 0 0 0 0 0 0 0 0 0 0 0 0 0 0 0 0 0 0 0 23 0 0 0 0 0 0 0 0 0 0 0 0 0 0 90 0 0 0 0 0 0 0 27 0 0 0 0 0 0 0 82 0 0 0 0 0 0 0 0 0 0 0 0 0 0 0 0 0 0 0 0 0 0 0 0 0 14 0 0 0 78 0 0 0 0 0 0 0 0 0 0 0 0 0 0 
0 0 0 0 0 0 0 0 0 0 0 0 0 7 21 0 1 31 0 59 0 34 59 31 51 0 0 23 68 0 39 0 21 51 19 55 17 7 0 13 0 0 0 19 14 0 38 95 48 0 63 35 0 0 0 17 0 3 0 0 79 71 56 68 19 36 0 0 27 0 3 0 53 0 7 0 26 0 0 0 0 46 35 91 98 12 0 22 56 0 0 0 4 0 27 74 0 0 0 21 
0 0 0 0 0 0 0 0 0 0 0 0 0 93 63 18 90 98 40 34 42 75 82 83 97 64 5 13 60 2 26 79 55 13 53 49 65 24 3 6 0 73 68 79 97 90 62 91 37 68 15 64 85 7 62 90 0 91 0 0 22 3 17 35 6 61 0 0 8 42 36 59 17 70 6 13 5 0 0 0 74 29 82 78 50 85 68 9 91 1 91 57 9 47 51 75 49 1 68 21 
0 0 0 0 0 0 0 0 0 0 0 0 0 0 0 0 0 0 0 0 0 0 0 0 80 0 0 0 0 0 0 0 0 0 0 0 0 0 0 7 0 0 0 34 0 0 44 69 0 0 0 0 0 0 0 75 0 0 0 0 0 0 0 0 0 0 0 0 49 0 0 0 0 0 0 0 0 0 0 0 0 70 0 0 0 36 0 0 0 0 0 0 0 0 0 0 0 0 0 7 
0 0 0 0 0 0 0 0 0 0 0 0 0 0 0 0 35 0 0 0 0 0 0 0 91 0 0 0 0 0 0 0 69 0 0 0 0 40 0 28 0 0 0 69 46 0 1 63 0 0 35 0 0 0 0 95 0 0 0 0 0 2 0 75 0 63 0 0 65 0 92 0 74 0 55 0 0 0 0 0 0 99 0 83 0 72 0 0 0 0 0 0 0 0 0 0 0 0 0 39 
0 0 0 0 0 0 0 0 0 0 0 0 0 0 0 0 19 46 14 62 10 7 17 50 57 81 5 19 26 50 12 2 44 96 27 16 84 53 29 7 0 12 20 41 21 82 64 60 52 10 28 39 24 32 57 19 0 96 0 0 20 6 46 77 35 23 0 0 35 5 3 0 90 22 75 19 98 0 0 0 49 50 43 63 33 37 0 82 51 11 99 1 2 46 46 41 63 43 11 55 
0 0 0 0 0 0 0 0 0 0 0 0 0 0 0 0 0 0 0 0 0 0 0 0 47 0 0 0 0 0 0 0 58 0 0 0 0 47 0 51 0 0 0 83 11 0 25 34 0 0 0 0 0 0 0 82 0 0 0 0 0 0 0 32 0 94 0 0 52 0 0 0 9 0 5 0 0 0 0 0 0 35 0 0 0 48 0 0 0 0 0 0 0 0 0 0 0 0 0 27 
0 0 0 0 0 0 0 0 0 0 0 0 0 0 0 0 0 0 0 0 0 0 0 0 45 0 0 0 0 0 0 0 22 56 0 0 0 16 0 51 0 0 0 19 100 0 86 50 0 0 11 0 0 0 0 75 0 0 0 0 0 88 0 43 0 59 0 0 43 0 88 0 80 0 89 0 0 0 0 0 0 32 0 18 0 22 0 0 0 0 0 0 87 0 0 0 0 0 0 15 
0 0 0 0 0 0 0 0 0 0 0 0 0 0 0 0 0 0 0 29 66 75 22 6 93 0 0 35 0 0 86 0 21 87 18 50 82 67 0 30 0 0 91 61 17 0 98 83 24 0 48 64 0 0 86 24 0 6 0 0 76 21 44 35 87 97 0 0 12 0 60 0 8 0 26 0 58 0 0 0 0 31 82 87 79 33 26 76 9 0 0 0 97 0 69 99 0 19 0 63 
0 0 0 0 0 0 0 0 0 0 0 0 0 0 0 0 0 0 0 0 0 0 0 0 64 0 0 66 0 0 0 0 53 46 65 0 0 41 0 3 0 0 0 29 32 0 48 8 0 0 38 18 0 0 0 30 0 0 0 0 0 99 0 87 48 8 0 0 74 0 39 0 10 0 91 0 0 0 0 0 0 4 0 89 0 22 0 0 0 0 0 0 3 0 0 0 0 0 0 49 
0 0 0 0 0 0 0 0 0 0 0 0 0 0 0 0 0 0 0 0 0 75 35 96 68 0 0 60 93 0 97 0 9 79 5 88 64 36 0 66 0 0 0 50 60 0 29 90 1 0 57 70 0 0 0 67 0 63 0 0 5 94 56 41 88 36 0 0 94 0 1 0 77 0 7 0 95 0 0 0 0 41 95 57 27 61 0 31 34 0 0 0 71 0 90 36 0 0 0 52 
0 0 0 0 0 0 0 0 0 0 0 0 0 0 0 0 0 0 0 0 0 0 67 79 88 0 0 99 56 0 33 0 51 45 43 9 40 84 0 7 0 0 0 55 23 0 48 25 94 0 72 4 0 0 0 63 0 26 0 0 76 30 80 84 35 95 0 0 95 0 75 0 64 0 85 0 83 0 0 0 0 10 93 25 55 77 0 37 17 0 0 0 69 0 75 20 0 0 0 56 
0 0 0 0 0 0 0 0 0 0 0 0 0 0 0 0 0 0 0 0 0 0 0 0 3 0 0 85 0 0 12 0 55 5 47 0 82 36 0 23 0 0 0 22 100 0 11 67 89 0 26 72 0 0 0 23 0 0 0 0 19 49 11 6 26 19 0 0 76 0 32 0 58 0 70 0 77 0 0 0 0 97 29 38 95 73 0 79 64 0 0 0 15 0 0 40 0 0 0 5 
0 0 0 0 0 0 0 0 0 0 0 0 0 0 0 0 0 0 0 0 0 0 0 0 98 0 0 6 32 0 58 0 9 34 67 33 53 48 0 66 0 0 0 62 8 0 90 66 33 0 97 5 0 0 0 48 0 0 0 0 11 99 38 30 14 37 0 0 73 0 55 0 79 0 26 0 62 0 0 0 0 89 46 36 90 22 0 46 30 0 0 0 41 0 0 66 0 0 0 28 
0 0 0 0 0 0 0 0 0 0 0 0 0 0 0 0 0 0 0 0 0 0 0 0 0 0 0 0 0 0 0 0 0 0 0 0 0 0 0 83 0 0 0 0 0 0 0 6 0 0 0 0 0 0 0 96 0 0 0 0 0 0 0 0 0 0 0 0 0 0 0 0 0 0 0 0 0 0 0 0 0 48 0 0 0 9 0 0 0 0 0 0 0 0 0 0 0 0 0 0 
0 0 0 0 0 0 0 0 0 0 0 0 0 0 0 0 0 0 0 0 0 0 0 0 0 0 20 81 18 57 19 0 52 5 56 81 95 94 0 79 0 25 4 49 7 0 85 87 1 89 86 2 68 71 74 69 0 57 0 0 26 15 5 96 12 57 0 0 88 11 48 0 51 0 24 49 29 0 0 0 78 29 3 60 2 8 57 52 84 49 70 26 48 0 37 19 0 39 26 55 
0 0 0 0 0 0 0 0 0 0 0 0 0 0 0 0 0 0 0 0 0 0 0 0 0 0 0 3 22 0 29 0 82 16 2 39 24 84 0 60 0 0 59 85 41 0 58 90 83 0 36 37 0 0 4 13 0 53 0 0 0 66 39 79 53 94 0 0 50 0 54 0 74 0 38 0 65 0 0 0 0 33 12 0 28 96 100 43 7 0 37 0 40 0 2 24 0 95 61 6 
0 0 0 0 0 0 0 0 0 0 0 0 0 0 0 0 0 0 0 0 0 0 0 0 0 0 0 0 0 0 0 0 27 54 0 0 0 65 0 89 0 0 0 14 61 0 24 32 0 0 13 0 0 0 0 95 0 0 0 0 0 64 0 0 0 71 0 0 17 0 65 0 62 0 67 0 0 0 0 0 0 80 0 44 0 62 0 0 0 0 0 0 97 0 0 0 0 0 0 11 
0 0 0 0 0 0 0 0 0 0 0 0 0 0 0 0 0 0 0 0 0 0 0 0 0 0 0 0 0 0 44 0 81 7 43 29 85 93 0 74 0 0 0 64 9 0 71 73 85 0 27 13 0 0 0 66 0 0 0 0 76 40 24 89 34 34 0 0 97 0 54 0 9 0 27 0 80 0 0 0 0 38 37 85 23 96 0 91 0 0 0 0 12 0 0 47 0 0 0 98 
0 0 0 0 0 0 0 0 0 0 0 0 0 0 0 0 0 0 0 0 0 0 0 0 0 0 0 0 0 0 76 0 71 22 55 79 8 24 0 23 0 20 4 82 41 0 76 65 37 81 89 75 69 91 54 44 0 15 0 0 67 13 70 83 56 83 0 0 90 0 82 0 3 0 25 0 27 0 0 0 26 88 26 35 60 34 6 74 53 43 37 0 89 0 80 30 0 6 87 87 
0 0 0 0 0 0 0 0 0 0 0 0 0 0 0 0 0 0 0 0 0 0 0 0 0 0 0 0 0 0 0 0 37 72 71 0 25 93 0 32 0 0 0 34 78 0 82 27 1 0 46 84 0 0 0 71 0 0 0 0 72 86 0 50 89 68 0 0 37 0 52 0 97 0 80 0 78 0 0 0 0 39 95 76 0 27 0 88 92 0 0 0 1 0 0 0 0 0 0 60 
0 0 0 0 0 0 0 0 0 0 0 0 0 0 0 0 0 0 0 0 0 0 0 0 0 0 0 0 0 0 0 0 87 72 24 78 60 7 28 48 0 3 25 11 32 0 54 71 75 21 75 32 43 44 29 27 0 62 0 0 90 49 50 82 16 58 0 0 23 92 37 0 28 0 85 22 12 0 0 0 78 73 86 90 25 40 37 32 52 15 63 12 22 0 9 52 0 52 46 65 
0 0 0 0 0 0 0 0 0 0 0 0 0 0 0 0 0 0 0 0 0 0 0 0 0 0 0 0 0 0 0 0 0 0 0 0 0 0 0 32 0 0 0 70 22 0 89 76 0 0 0 0 0 0 0 24 0 0 0 0 0 0 0 0 0 0 0 0 20 0 0 0 0 0 0 0 0 0 0 0 0 10 0 0 0 76 0 0 0 0 0 0 0 0 0 0 0 0 0 2 
0 0 0 0 0 0 0 0 0 0 0 0 0 0 0 0 0 0 0 0 0 0 0 0 0 0 0 0 0 0 0 0 0 0 0 0 0 72 0 9 0 0 0 34 23 0 34 57 0 0 0 0 0 0 0 94 0 0 0 0 0 78 0 89 0 11 0 0 88 0 83 0 85 0 19 0 0 0 0 0 0 44 0 11 0 85 0 0 0 0 0 0 27 0 0 0 0 0 0 44 
0 0 0 0 0 0 0 0 0 0 0 0 0 0 0 0 0 0 0 0 0 0 0 0 0 0 0 0 0 0 0 0 0 0 0 0 0 15 0 27 0 0 0 78 27 0 93 33 0 0 78 94 0 0 0 45 0 0 0 0 0 24 0 47 0 50 0 0 8 0 0 0 74 0 59 0 0 0 0 0 0 27 0 64 0 13 0 0 0 0 0 0 34 0 0 0 0 0 0 46 
0 0 0 0 0 0 0 0 0 0 0 0 0 0 0 0 0 0 0 0 0 0 0 0 0 0 0 0 0 0 0 0 0 0 0 0 17 40 0 25 0 0 0 92 16 0 78 10 30 0 59 4 0 0 0 12 0 0 0 0 43 67 85 96 24 26 0 0 38 0 9 0 14 0 69 0 48 0 0 0 0 32 35 92 96 53 0 39 59 0 0 0 48 0 0 68 0 0 0 7 
0 0 0 0 0 0 0 0 0 0 0 0 0 0 0 0 0 0 0 0 0 0 0 0 0 0 0 0 0 0 0 0 0 0 0 0 0 65 0 86 0 0 0 88 98 0 11 7 0 0 8 26 0 0 0 84 0 0 0 0 100 93 0 97 93 19 0 0 92 0 39 0 63 0 95 0 22 0 0 0 0 32 49 3 0 92 0 0 83 0 0 0 98 0 0 0 0 0 0 18 
0 0 0 0 0 0 0 0 0 0 0 0 0 0 0 0 0 0 0 0 0 0 0 0 0 0 0 0 0 0 0 0 0 0 0 0 0 0 0 82 0 0 0 63 68 0 62 7 0 0 0 0 0 0 0 45 0 0 0 0 0 0 0 0 0 26 0 0 85 0 0 0 0 0 0 0 0 0 0 0 0 6 0 0 0 60 0 0 0 0 0 0 0 0 0 0 0 0 0 50 
0 0 0 0 0 0 0 0 0 0 0 0 0 0 0 0 0 0 0 0 0 0 0 0 0 0 0 0 0 0 0 0 0 0 0 0 0 0 0 9 0 92 19 91 72 0 74 9 98 59 68 1 7 61 27 76 0 26 0 0 52 34 29 98 95 34 0 0 70 75 27 0 1 0 18 61 71 0 0 0 30 41 98 29 1 62 69 88 15 46 97 67 67 0 49 19 0 57 35 77 
0 0 0 0 0 0 0 0 0 0 0 0 0 0 0 0 0 0 0 0 0 0 0 0 0 0 0 0 0 0 0 0 0 0 0 0 0 0 0 0 0 0 0 0 0 0 0 69 0 0 0 0 0 0 0 81 0 0 0 0 0 0 0 0 0 0 0 0 0 0 0 0 0 0 0 0 0 0 0 0 0 98 0 0 0 87 0 0 0 0 0 0 0 0 0 0 0 0 0 0 
0 0 0 0 0 0 0 0 0 0 0 0 0 0 0 0 0 0 0 0 0 0 0 0 0 0 0 0 0 0 0 0 0 0 0 0 0 0 0 0 0 100 25 81 37 20 75 2 0 34 67 9 42 28 32 75 50 45 54 0 46 26 63 52 17 60 0 33 96 54 46 38 91 44 45 73 51 0 28 0 29 34 27 42 5 17 78 4 36 91 85 61 81 77 69 31 96 31 33 60 
0 0 0 0 0 0 0 0 0 0 0 0 0 0 0 0 0 0 0 0 0 0 0 0 0 0 0 0 0 0 0 0 0 0 0 0 0 0 0 0 0 0 80 51 73 0 13 84 18 0 82 7 43 97 96 75 0 93 0 0 17 87 82 13 35 36 0 0 93 0 65 0 40 0 87 0 53 0 0 0 0 26 46 69 74 4 68 77 38 0 41 0 81 0 5 31 0 75 69 39 
0 0 0 0 0 0 0 0 0 0 0 0 0 0 0 0 0 0 0 0 0 0 0 0 0 0 0 0 0 0 0 0 0 0 0 0 0 0 0 0 0 0 0 34 17 0 84 72 83 0 36 27 0 0 21 55 0 93 0 0 61 16 27 45 35 91 0 0 59 0 94 0 97 0 6 0 99 0 0 0 0 30 61 42 78 85 29 66 30 0 0 0 91 0 87 32 0 62 0 9 
0 0 0 0 0 0 0 0 0 0 0 0 0 0 0 0 0 0 0 0 0 0 0 0 0 0 0 0 0 0 0 0 0 0 0 0 0 0 0 0 0 0 0 0 0 0 0 20 0 0 0 0 0 0 0 12 0 0 0 0 0 0 0 0 0 0 0 0 0 0 0 0 0 0 0 0 0 0 0 0 0 3 0 0 0 9 0 0 0 0 0 0 0 0 0 0 0 0 0 0 
0 0 0 0 0 0 0 0 0 0 0 0 0 0 0 0 0 0 0 0 0 0 0 0 0 0 0 0 0 0 0 0 0 0 0 0 0 0 0 0 0 0 0 0 0 0 24 55 0 0 0 0 0 0 0 7 0 0 0 0 0 0 0 0 0 0 0 0 37 0 0 0 0 0 0 0 0 0 0 0 0 57 0 0 0 29 0 0 0 0 0 0 0 0 0 0 0 0 0 30 
0 0 0 0 0 0 0 0 0 0 0 0 0 0 0 0 0 0 0 0 0 0 0 0 0 0 0 0 0 0 0 0 0 0 0 0 0 0 0 0 0 0 0 0 0 0 42 89 6 19 3 97 40 99 66 88 0 85 0 0 96 87 16 98 33 19 0 0 80 81 12 0 68 0 40 28 22 0 0 0 35 53 71 61 78 33 87 27 17 79 71 65 52 0 44 0 0 9 15 31 
0 0 0 0 0 0 0 0 0 0 0 0 0 0 0 0 0 0 0 0 0 0 0 0 0 0 0 0 0 0 0 0 0 0 0 0 0 0 0 0 0 0 0 0 0 0 0 53 0 0 0 0 0 0 0 45 0 0 0 0 0 0 0 0 0 0 0 0 97 0 0 0 0 0 0 0 0 0 0 0 0 69 0 0 0 32 0 0 0 0 0 0 0 0 0 0 0 0 0 73 
0 0 0 0 0 0 0 0 0 0 0 0 0 0 0 0 0 0 0 0 0 0 0 0 0 0 0 0 0 0 0 0 0 0 0 0 0 0 0 0 0 0 0 0 0 0 0 0 0 0 0 0 0 0 0 74 0 0 0 0 0 0 0 0 0 0 0 0 0 0 0 0 0 0 0 0 0 0 0 0 0 47 0 0 0 95 0 0 0 0 0 0 0 0 0 0 0 0 0 0 
0 0 0 0 0 0 0 0 0 0 0 0 0 0 0 0 0 0 0 0 0 0 0 0 0 0 0 0 0 0 0 0 0 0 0 0 0 0 0 0 0 0 0 0 0 0 0 0 0 0 74 77 0 0 0 41 0 0 0 0 10 22 0 85 46 71 0 0 72 0 12 0 57 0 72 0 33 0 0 0 0 53 67 26 0 78 0 0 59 0 0 0 31 0 0 0 0 0 0 77 
0 0 0 0 0 0 0 0 0 0 0 0 0 0 0 0 0 0 0 0 0 0 0 0 0 0 0 0 0 0 0 0 0 0 0 0 0 0 0 0 0 0 0 0 0 0 0 0 0 0 21 51 92 52 54 88 0 77 0 0 77 0 51 92 37 60 0 0 98 0 14 0 62 0 4 0 66 0 0 0 0 53 33 97 89 5 76 64 26 0 0 0 99 0 51 93 0 91 40 11 
0 0 0 0 0 0 0 0 0 0 0 0 0 0 0 0 0 0 0 0 0 0 0 0 0 0 0 0 0 0 0 0 0 0 0 0 0 0 0 0 0 0 0 0 0 0 0 0 0 0 0 0 0 0 0 70 0 0 0 0 0 19 0 83 0 72 0 0 75 0 0 0 31 0 8 0 0 0 0 0 0 8 0 0 0 66 0 0 0 0 0 0 0 0 0 0 0 0 0 11 
0 0 0 0 0 0 0 0 0 0 0 0 0 0 0 0 0 0 0 0 0 0 0 0 0 0 0 0 0 0 0 0 0 0 0 0 0 0 0 0 0 0 0 0 0 0 0 0 0 0 0 0 0 0 0 62 0 0 0 0 0 34 0 20 0 57 0 0 75 0 76 0 29 0 15 0 0 0 0 0 0 41 0 60 0 27 0 0 0 0 0 0 1 0 0 0 0 0 0 11 
0 0 0 0 0 0 0 0 0 0 0 0 0 0 0 0 0 0 0 0 0 0 0 0 0 0 0 0 0 0 0 0 0 0 0 0 0 0 0 0 0 0 0 0 0 0 0 0 0 0 0 0 0 29 29 91 0 44 0 0 8 55 77 18 31 31 0 0 98 0 50 0 85 0 64 0 86 0 0 0 0 36 27 24 35 39 70 36 63 0 97 0 7 0 16 19 0 11 37 12 
0 0 0 0 0 0 0 0 0 0 0 0 0 0 0 0 0 0 0 0 0 0 0 0 0 0 0 0 0 0 0 0 0 0 0 0 0 0 0 0 0 0 0 0 0 0 0 0 0 0 0 0 0 0 26 28 0 56 0 0 25 27 95 97 26 42 0 0 93 0 64 0 51 0 35 0 47 0 0 0 0 57 72 25 40 63 73 86 75 0 10 0 51 0 6 54 0 10 93 30 
0 0 0 0 0 0 0 0 0 0 0 0 0 0 0 0 0 0 0 0 0 0 0 0 0 0 0 0 0 0 0 0 0 0 0 0 0 0 0 0 0 0 0 0 0 0 0 0 0 0 0 0 0 0 0 33 0 73 0 0 61 35 79 14 9 24 0 0 29 0 93 0 38 0 63 0 16 0 0 0 0 23 23 59 47 69 91 50 11 0 0 0 99 0 29 76 0 0 0 0 
0 0 0 0 0 0 0 0 0 0 0 0 0 0 0 0 0 0 0 0 0 0 0 0 0 0 0 0 0 0 0 0 0 0 0 0 0 0 0 0 0 0 0 0 0 0 0 0 0 0 0 0 0 0 0 0 0 0 0 0 0 0 0 0 0 0 0 0 0 0 0 0 0 0 0 0 0 0 0 0 0 96 0 0 0 69 0 0 0 0 0 0 0 0 0 0 0 0 0 0 
0 0 0 0 0 0 0 0 0 0 0 0 0 0 0 0 0 0 0 0 0 0 0 0 0 0 0 0 0 0 0 0 0 0 0 0 0 0 0 0 0 0 0 0 0 0 0 0 0 0 0 0 0 0 0 0 0 95 57 0 21 23 38 24 60 60 0 0 73 97 88 79 88 1 51 24 57 0 0 0 86 80 50 93 31 48 4 65 40 45 47 28 70 61 4 68 44 30 97 72 
0 0 0 0 0 0 0 0 0 0 0 0 0 0 0 0 0 0 0 0 0 0 0 0 0 0 0 0 0 0 0 0 0 0 0 0 0 0 0 0 0 0 0 0 0 0 0 0 0 0 0 0 0 0 0 0 0 0 0 0 54 7 52 87 98 65 0 0 59 0 3 0 22 0 56 0 57 0 0 0 0 59 20 74 92 9 0 19 59 0 0 0 36 0 3 37 0 0 0 63 
0 0 0 0 0 0 0 0 0 0 0 0 0 0 0 0 0 0 0 0 0 0 0 0 0 0 0 0 0 0 0 0 0 0 0 0 0 0 0 0 0 0 0 0 0 0 0 0 0 0 0 0 0 0 0 0 0 0 0 0 75 92 11 16 75 16 0 0 11 60 26 21 29 23 94 93 47 0 0 0 93 48 92 1 60 44 54 81 74 46 1 21 44 59 51 83 2 37 78 24 
0 0 0 0 0 0 0 0 0 0 0 0 0 0 0 0 0 0 0 0 0 0 0 0 0 0 0 0 0 0 0 0 0 0 0 0 0 0 0 0 0 0 0 0 0 0 0 0 0 0 0 0 0 0 0 0 0 0 0 0 22 54 41 50 28 62 3 20 3 5 65 60 38 63 92 49 56 27 98 0 21 37 34 12 14 1 54 3 22 48 3 54 32 80 44 64 78 89 100 55 
0 0 0 0 0 0 0 0 0 0 0 0 0 0 0 0 0 0 0 0 0 0 0 0 0 0 0 0 0 0 0 0 0 0 0 0 0 0 0 0 0 0 0 0 0 0 0 0 0 0 0 0 0 0 0 0 0 0 0 0 0 16 0 3 47 63 0 0 30 0 92 0 83 0 71 0 13 0 0 0 0 29 4 28 0 48 0 0 66 0 0 0 3 0 0 0 0 0 0 83 
0 0 0 0 0 0 0 0 0 0 0 0 0 0 0 0 0 0 0 0 0 0 0 0 0 0 0 0 0 0 0 0 0 0 0 0 0 0 0 0 0 0 0 0 0 0 0 0 0 0 0 0 0 0 0 0 0 0 0 0 0 0 0 48 0 94 0 0 66 0 0 0 51 0 15 0 0 0 0 0 0 57 0 0 0 61 0 0 0 0 0 0 0 0 0 0 0 0 0 7 
0 0 0 0 0 0 0 0 0 0 0 0 0 0 0 0 0 0 0 0 0 0 0 0 0 0 0 0 0 0 0 0 0 0 0 0 0 0 0 0 0 0 0 0 0 0 0 0 0 0 0 0 0 0 0 0 0 0 0 0 0 0 0 50 37 43 0 0 77 0 15 0 98 0 15 0 53 0 0 0 0 79 61 97 0 92 0 61 15 0 0 0 75 0 0 7 0 0 0 22 
0 0 0 0 0 0 0 0 0 0 0 0 0 0 0 0 0 0 0 0 0 0 0 0 0 0 0 0 0 0 0 0 0 0 0 0 0 0 0 0 0 0 0 0 0 0 0 0 0 0 0 0 0 0 0 0 0 0 0 0 0 0 0 0 0 68 0 0 81 0 0 0 64 0 28 0 0 0 0 0 0 97 0 0 0 78 0 0 0 0 0 0 0 0 0 0 0 0 0 12 
0 0 0 0 0 0 0 0 0 0 0 0 0 0 0 0 0 0 0 0 0 0 0 0 0 0 0 0 0 0 0 0 0 0 0 0 0 0 0 0 0 0 0 0 0 0 0 0 0 0 0 0 0 0 0 0 0 0 0 0 0 0 0 0 0 57 0 0 82 0 35 0 74 0 17 0 0 0 0 0 0 19 0 41 0 88 0 0 0 0 0 0 70 0 0 0 0 0 0 58 
0 0 0 0 0 0 0 0 0 0 0 0 0 0 0 0 0 0 0 0 0 0 0 0 0 0 0 0 0 0 0 0 0 0 0 0 0 0 0 0 0 0 0 0 0 0 0 0 0 0 0 0 0 0 0 0 0 0 0 0 0 0 0 0 0 0 0 0 62 0 0 0 0 0 0 0 0 0 0 0 0 92 0 0 0 19 0 0 0 0 0 0 0 0 0 0 0 0 0 23 
0 0 0 0 0 0 0 0 0 0 0 0 0 0 0 0 0 0 0 0 0 0 0 0 0 0 0 0 0 0 0 0 0 0 0 0 0 0 0 0 0 0 0 0 0 0 0 0 0 0 0 0 0 0 0 0 0 0 0 0 0 0 0 0 0 0 0 51 80 81 46 42 24 63 21 43 15 0 49 0 85 5 31 62 86 25 26 79 24 97 51 11 45 93 90 21 28 48 37 32 
0 0 0 0 0 0 0 0 0 0 0 0 0 0 0 0 0 0 0 0 0 0 0 0 0 0 0 0 0 0 0 0 0 0 0 0 0 0 0 0 0 0 0 0 0 0 0 0 0 0 0 0 0 0 0 0 0 0 0 0 0 0 0 0 0 0 0 0 32 14 22 89 18 4 86 94 19 0 26 0 77 96 11 22 46 40 91 92 94 71 78 3 90 66 47 59 71 89 99 79 
0 0 0 0 0 0 0 0 0 0 0 0 0 0 0 0 0 0 0 0 0 0 0 0 0 0 0 0 0 0 0 0 0 0 0 0 0 0 0 0 0 0 0 0 0 0 0 0 0 0 0 0 0 0 0 0 0 0 0 0 0 0 0 0 0 0 0 0 0 0 0 0 0 0 0 0 0 0 0 0 0 6 0 0 0 3 0 0 0 0 0 0 0 0 0 0 0 0 0 0 
0 0 0 0 0 0 0 0 0 0 0 0 0 0 0 0 0 0 0 0 0 0 0 0 0 0 0 0 0 0 0 0 0 0 0 0 0 0 0 0 0 0 0 0 0 0 0 0 0 0 0 0 0 0 0 0 0 0 0 0 0 0 0 0 0 0 0 0 0 0 67 0 73 0 38 54 64 0 0 0 9 63 17 8 42 3 54 59 42 40 1 12 49 0 50 1 0 98 0 1 
0 0 0 0 0 0 0 0 0 0 0 0 0 0 0 0 0 0 0 0 0 0 0 0 0 0 0 0 0 0 0 0 0 0 0 0 0 0 0 0 0 0 0 0 0 0 0 0 0 0 0 0 0 0 0 0 0 0 0 0 0 0 0 0 0 0 0 0 0 0 0 0 51 0 10 0 0 0 0 0 0 74 0 13 0 26 0 0 0 0 0 0 0 0 0 0 0 0 0 0 
0 0 0 0 0 0 0 0 0 0 0 0 0 0 0 0 0 0 0 0 0 0 0 0 0 0 0 0 0 0 0 0 0 0 0 0 0 0 0 0 0 0 0 0 0 0 0 0 0 0 0 0 0 0 0 0 0 0 0 0 0 0 0 0 0 0 0 0 0 0 0 0 34 90 23 81 88 0 0 0 43 17 76 49 33 17 27 77 35 27 88 53 98 99 39 46 99 86 71 46 
0 0 0 0 0 0 0 0 0 0 0 0 0 0 0 0 0 0 0 0 0 0 0 0 0 0 0 0 0 0 0 0 0 0 0 0 0 0 0 0 0 0 0 0 0 0 0 0 0 0 0 0 0 0 0 0 0 0 0 0 0 0 0 0 0 0 0 0 0 0 0 0 0 0 63 0 0 0 0 0 0 62 0 0 0 32 0 0 0 0 0 0 0 0 0 0 0 0 0 21 
0 0 0 0 0 0 0 0 0 0 0 0 0 0 0 0 0 0 0 0 0 0 0 0 0 0 0 0 0 0 0 0 0 0 0 0 0 0 0 0 0 0 0 0 0 0 0 0 0 0 0 0 0 0 0 0 0 0 0 0 0 0 0 0 0 0 0 0 0 0 0 0 0 0 98 6 15 0 0 0 59 94 13 89 60 32 89 0 0 92 74 39 76 0 4 78 0 34 38 65 
0 0 0 0 0 0 0 0 0 0 0 0 0 0 0 0 0 0 0 0 0 0 0 0 0 0 0 0 0 0 0 0 0 0 0 0 0 0 0 0 0 0 0 0 0 0 0 0 0 0 0 0 0 0 0 0 0 0 0 0 0 0 0 0 0 0 0 0 0 0 0 0 0 0 0 0 0 0 0 0 0 52 0 0 0 37 0 0 0 0 0 0 0 0 0 0 0 0 0 28 
0 0 0 0 0 0 0 0 0 0 0 0 0 0 0 0 0 0 0 0 0 0 0 0 0 0 0 0 0 0 0 0 0 0 0 0 0 0 0 0 0 0 0 0 0 0 0 0 0 0 0 0 0 0 0 0 0 0 0 0 0 0 0 0 0 0 0 0 0 0 0 0 0 0 0 0 76 0 0 0 8 75 26 5 27 26 17 34 79 71 84 0 41 0 11 12 0 51 9 86 
0 0 0 0 0 0 0 0 0 0 0 0 0 0 0 0 0 0 0 0 0 0 0 0 0 0 0 0 0 0 0 0 0 0 0 0 0 0 0 0 0 0 0 0 0 0 0 0 0 0 0 0 0 0 0 0 0 0 0 0 0 0 0 0 0 0 0 0 0 0 0 0 0 0 0 0 0 0 0 0 0 2 45 75 0 34 0 0 91 0 0 0 51 0 0 0 0 0 0 35 
0 0 0 0 0 0 0 0 0 0 0 0 0 0 0 0 0 0 0 0 0 0 0 0 0 0 0 0 0 0 0 0 0 0 0 0 0 0 0 0 0 0 0 0 0 0 0 0 0 0 0 0 0 0 0 0 0 0 0 0 0 0 0 0 0 0 0 0 0 0 0 0 0 0 0 0 0 0 76 0 30 48 83 47 30 56 49 23 77 38 89 89 48 16 25 14 18 35 89 20 
0 0 0 0 0 0 0 0 0 0 0 0 0 0 0 0 0 0 0 0 0 0 0 0 0 0 0 0 0 0 0 0 0 0 0 0 0 0 0 0 0 0 0 0 0 0 0 0 0 0 0 0 0 0 0 0 0 0 0 0 0 0 0 0 0 0 0 0 0 0 0 0 0 0 0 0 0 0 0 0 96 42 98 13 71 13 8 63 18 79 20 39 72 3 54 57 60 58 20 75 
0 0 0 0 0 0 0 0 0 0 0 0 0 0 0 0 0 0 0 0 0 0 0 0 0 0 0 0 0 0 0 0 0 0 0 0 0 0 0 0 0 0 0 0 0 0 0 0 0 0 0 0 0 0 0 0 0 0 0 0 0 0 0 0 0 0 0 0 0 0 0 0 0 0 0 0 0 0 0 0 49 60 92 98 16 29 40 53 14 61 86 13 70 73 32 21 92 42 26 29 
0 0 0 0 0 0 0 0 0 0 0 0 0 0 0 0 0 0 0 0 0 0 0 0 0 0 0 0 0 0 0 0 0 0 0 0 0 0 0 0 0 0 0 0 0 0 0 0 0 0 0 0 0 0 0 0 0 0 0 0 0 0 0 0 0 0 0 0 0 0 0 0 0 0 0 0 0 0 0 0 0 52 68 45 71 49 75 27 8 52 89 0 11 0 50 13 0 50 71 32 
0 0 0 0 0 0 0 0 0 0 0 0 0 0 0 0 0 0 0 0 0 0 0 0 0 0 0 0 0 0 0 0 0 0 0 0 0 0 0 0 0 0 0 0 0 0 0 0 0 0 0 0 0 0 0 0 0 0 0 0 0 0 0 0 0 0 0 0 0 0 0 0 0 0 0 0 0 0 0 0 0 0 0 0 0 42 0 0 0 0 0 0 0 0 0 0 0 0 0 0 
0 0 0 0 0 0 0 0 0 0 0 0 0 0 0 0 0 0 0 0 0 0 0 0 0 0 0 0 0 0 0 0 0 0 0 0 0 0 0 0 0 0 0 0 0 0 0 0 0 0 0 0 0 0 0 0 0 0 0 0 0 0 0 0 0 0 0 0 0 0 0 0 0 0 0 0 0 0 0 0 0 0 0 44 0 79 0 0 7 0 0 0 85 0 0 0 0 0 0 74 
0 0 0 0 0 0 0 0 0 0 0 0 0 0 0 0 0 0 0 0 0 0 0 0 0 0 0 0 0 0 0 0 0 0 0 0 0 0 0 0 0 0 0 0 0 0 0 0 0 0 0 0 0 0 0 0 0 0 0 0 0 0 0 0 0 0 0 0 0 0 0 0 0 0 0 0 0 0 0 0 0 0 0 0 0 97 0 0 0 0 0 0 0 0 0 0 0 0 0 97 
0 0 0 0 0 0 0 0 0 0 0 0 0 0 0 0 0 0 0 0 0 0 0 0 0 0 0 0 0 0 0 0 0 0 0 0 0 0 0 0 0 0 0 0 0 0 0 0 0 0 0 0 0 0 0 0 0 0 0 0 0 0 0 0 0 0 0 0 0 0 0 0 0 0 0 0 0 0 0 0 0 0 0 0 0 27 0 42 60 0 0 0 65 0 0 22 0 0 0 95 
0 0 0 0 0 0 0 0 0 0 0 0 0 0 0 0 0 0 0 0 0 0 0 0 0 0 0 0 0 0 0 0 0 0 0 0 0 0 0 0 0 0 0 0 0 0 0 0 0 0 0 0 0 0 0 0 0 0 0 0 0 0 0 0 0 0 0 0 0 0 0 0 0 0 0 0 0 0 0 0 0 0 0 0 0 0 0 0 0 0 0 0 0 0 0 0 0 0 0 0 
0 0 0 0 0 0 0 0 0 0 0 0 0 0 0 0 0 0 0 0 0 0 0 0 0 0 0 0 0 0 0 0 0 0 0 0 0 0 0 0 0 0 0 0 0 0 0 0 0 0 0 0 0 0 0 0 0 0 0 0 0 0 0 0 0 0 0 0 0 0 0 0 0 0 0 0 0 0 0 0 0 0 0 0 0 0 0 56 64 0 0 0 6 0 98 66 0 0 0 56 
0 0 0 0 0 0 0 0 0 0 0 0 0 0 0 0 0 0 0 0 0 0 0 0 0 0 0 0 0 0 0 0 0 0 0 0 0 0 0 0 0 0 0 0 0 0 0 0 0 0 0 0 0 0 0 0 0 0 0 0 0 0 0 0 0 0 0 0 0 0 0 0 0 0 0 0 0 0 0 0 0 0 0 0 0 0 0 0 12 0 0 0 60 0 0 0 0 0 0 56 
0 0 0 0 0 0 0 0 0 0 0 0 0 0 0 0 0 0 0 0 0 0 0 0 0 0 0 0 0 0 0 0 0 0 0 0 0 0 0 0 0 0 0 0 0 0 0 0 0 0 0 0 0 0 0 0 0 0 0 0 0 0 0 0 0 0 0 0 0 0 0 0 0 0 0 0 0 0 0 0 0 0 0 0 0 0 0 0 0 0 0 0 0 0 0 0 0 0 0 92 
0 0 0 0 0 0 0 0 0 0 0 0 0 0 0 0 0 0 0 0 0 0 0 0 0 0 0 0 0 0 0 0 0 0 0 0 0 0 0 0 0 0 0 0 0 0 0 0 0 0 0 0 0 0 0 0 0 0 0 0 0 0 0 0 0 0 0 0 0 0 0 0 0 0 0 0 0 0 0 0 0 0 0 0 0 0 0 0 0 0 77 0 60 0 26 75 0 15 57 56 
0 0 0 0 0 0 0 0 0 0 0 0 0 0 0 0 0 0 0 0 0 0 0 0 0 0 0 0 0 0 0 0 0 0 0 0 0 0 0 0 0 0 0 0 0 0 0 0 0 0 0 0 0 0 0 0 0 0 0 0 0 0 0 0 0 0 0 0 0 0 0 0 0 0 0 0 0 0 0 0 0 0 0 0 0 0 0 0 0 0 0 0 94 0 32 76 0 46 0 90 
0 0 0 0 0 0 0 0 0 0 0 0 0 0 0 0 0 0 0 0 0 0 0 0 0 0 0 0 0 0 0 0 0 0 0 0 0 0 0 0 0 0 0 0 0 0 0 0 0 0 0 0 0 0 0 0 0 0 0 0 0 0 0 0 0 0 0 0 0 0 0 0 0 0 0 0 0 0 0 0 0 0 0 0 0 0 0 0 0 0 0 0 90 0 17 71 0 12 76 27 
0 0 0 0 0 0 0 0 0 0 0 0 0 0 0 0 0 0 0 0 0 0 0 0 0 0 0 0 0 0 0 0 0 0 0 0 0 0 0 0 0 0 0 0 0 0 0 0 0 0 0 0 0 0 0 0 0 0 0 0 0 0 0 0 0 0 0 0 0 0 0 0 0 0 0 0 0 0 0 0 0 0 0 0 0 0 0 0 0 0 0 0 0 0 0 0 0 0 0 77 
0 0 0 0 0 0 0 0 0 0 0 0 0 0 0 0 0 0 0 0 0 0 0 0 0 0 0 0 0 0 0 0 0 0 0 0 0 0 0 0 0 0 0 0 0 0 0 0 0 0 0 0 0 0 0 0 0 0 0 0 0 0 0 0 0 0 0 0 0 0 0 0 0 0 0 0 0 0 0 0 0 0 0 0 0 0 0 0 0 0 0 0 0 0 14 1 21 71 26 19 
0 0 0 0 0 0 0 0 0 0 0 0 0 0 0 0 0 0 0 0 0 0 0 0 0 0 0 0 0 0 0 0 0 0 0 0 0 0 0 0 0 0 0 0 0 0 0 0 0 0 0 0 0 0 0 0 0 0 0 0 0 0 0 0 0 0 0 0 0 0 0 0 0 0 0 0 0 0 0 0 0 0 0 0 0 0 0 0 0 0 0 0 0 0 0 53 0 0 0 100 
0 0 0 0 0 0 0 0 0 0 0 0 0 0 0 0 0 0 0 0 0 0 0 0 0 0 0 0 0 0 0 0 0 0 0 0 0 0 0 0 0 0 0 0 0 0 0 0 0 0 0 0 0 0 0 0 0 0 0 0 0 0 0 0 0 0 0 0 0 0 0 0 0 0 0 0 0 0 0 0 0 0 0 0 0 0 0 0 0 0 0 0 0 0 0 0 0 0 0 78 
0 0 0 0 0 0 0 0 0 0 0 0 0 0 0 0 0 0 0 0 0 0 0 0 0 0 0 0 0 0 0 0 0 0 0 0 0 0 0 0 0 0 0 0 0 0 0 0 0 0 0 0 0 0 0 0 0 0 0 0 0 0 0 0 0 0 0 0 0 0 0 0 0 0 0 0 0 0 0 0 0 0 0 0 0 0 0 0 0 0 0 0 0 0 0 0 0 17 25 46 
0 0 0 0 0 0 0 0 0 0 0 0 0 0 0 0 0 0 0 0 0 0 0 0 0 0 0 0 0 0 0 0 0 0 0 0 0 0 0 0 0 0 0 0 0 0 0 0 0 0 0 0 0 0 0 0 0 0 0 0 0 0 0 0 0 0 0 0 0 0 0 0 0 0 0 0 0 0 0 0 0 0 0 0 0 0 0 0 0 0 0 0 0 0 0 0 0 0 0 71 
0 0 0 0 0 0 0 0 0 0 0 0 0 0 0 0 0 0 0 0 0 0 0 0 0 0 0 0 0 0 0 0 0 0 0 0 0 0 0 0 0 0 0 0 0 0 0 0 0 0 0 0 0 0 0 0 0 0 0 0 0 0 0 0 0 0 0 0 0 0 0 0 0 0 0 0 0 0 0 0 0 0 0 0 0 0 0 0 0 0 0 0 0 0 0 0 0 0 0 54 
0 0 0 0 0 0 0 0 0 0 0 0 0 0 0 0 0 0 0 0 0 0 0 0 0 0 0 0 0 0 0 0 0 0 0 0 0 0 0 0 0 0 0 0 0 0 0 0 0 0 0 0 0 0 0 0 0 0 0 0 0 0 0 0 0 0 0 0 0 0 0 0 0 0 0 0 0 0 0 0 0 0 0 0 0 0 0 0 0 0 0 0 0 0 0 0 0 0 0 0 
